	CLs = 0.031106 +/- 0.0105507
	CLs = 0.0359477 +/- 0.00778915
	CLs = 0.0374749 +/- 0.00643403
	CLs = 0.039446 +/- 0.00566396
	CLs = 0.0406991 +/- 0.00512487
	CLs = 0.0427364 +/- 0.00479413
	CLs      = 0.0427364 +/- 0.00479413
	CLb      = 0.644737 +/- 0.0173604
	CLsplusb = 0.0275538 +/- 0.00300059


 -- HybridNew, before fit -- 
Limit: r < 13.4229 +/- 10 [11.7451, 16.7115]
Fit to 5 points: 13.4031 +/- 0.275661

 -- Hybrid New -- 
Limit: r < 13.4031 +/- 0.275661 @ 95% CL
Done in 0.01 min (cpu), 0.45 min (real)
