	CLs = 0.0504032 +/- 0.0133551
	CLs = 0.0408163 +/- 0.00850598
	CLs = 0.0377317 +/- 0.00669632
	CLs = 0.0375081 +/- 0.00576147
	CLs = 0.0354136 +/- 0.00505151
	CLs = 0.0377261 +/- 0.00477283
	CLs      = 0.0377261 +/- 0.00477283
	CLb      = 0.578947 +/- 0.0179094
	CLsplusb = 0.0218414 +/- 0.00267934


 -- Hybrid New -- 
Limit: r < 5.81217 +/- 0.165167 @ 95% CL
Done in 0.00 min (cpu), 0.14 min (real)
