	CLs = 0.0541647 +/- 0.0144573
	CLs = 0.0485075 +/- 0.0098081
	CLs = 0.0507916 +/- 0.00829841
	CLs = 0.0508065 +/- 0.00713719
	CLs = 0.0467456 +/- 0.00611315
	CLs = 0.0471754 +/- 0.00561062
	CLs = 0.0447581 +/- 0.00501888
	CLs = 0.0438281 +/- 0.00461588
	CLs      = 0.0438281 +/- 0.00461588
	CLb      = 0.54626 +/- 0.0156191
	CLsplusb = 0.0239415 +/- 0.00242677


 -- HybridNew, before fit -- 
Limit: r < 6.76041 +/- 0.710975 [6.44512, 7.16536]
Fit to 4 points: 6.81322 +/- 0.0707694

 -- Hybrid New -- 
Limit: r < 6.81322 +/- 0.0707694 @ 95% CL
Done in 0.01 min (cpu), 0.58 min (real)
