	CLs = 0.0564516 +/- 0.0124169
	CLs = 0.0611413 +/- 0.00919495
	CLs = 0.0531975 +/- 0.00690417
	CLs = 0.0513399 +/- 0.00588139
	CLs = 0.0533998 +/- 0.00533736
	CLs = 0.0550725 +/- 0.00497236
	CLs      = 0.0550725 +/- 0.00497236
	CLb      = 0.756579 +/- 0.0155668
	CLsplusb = 0.0416667 +/- 0.00366299


 -- HybridNew, before fit -- 
Limit: r < 13.8061 +/- 7.45862 [13.3746, 14.9172]
Fit to 4 points: 14.3676 +/- 0.151778

 -- Hybrid New -- 
Limit: r < 14.3676 +/- 0.151778 @ 95% CL
Done in 0.01 min (cpu), 0.47 min (real)
