	CLs = 0.0527859 +/- 0.0106109
	CLs = 0.0644796 +/- 0.00841414
	CLs = 0.0639152 +/- 0.00677546
	CLs = 0.0619727 +/- 0.00578662
	CLs = 0.0612507 +/- 0.00514949
	CLs = 0.0604641 +/- 0.00469521
	CLs      = 0.0604641 +/- 0.00469521
	CLb      = 0.894737 +/- 0.0111322
	CLsplusb = 0.0540995 +/- 0.0041467


 -- Hybrid New -- 
Limit: r < 25.2904 +/- 1.09881 @ 95% CL
Done in 0.00 min (cpu), 0.13 min (real)
