	CLs = 0.0544355 +/- 0.0130765
	CLs = 0.0491071 +/- 0.00867615
	CLs = 0.0507406 +/- 0.00729756
	CLs = 0.0493121 +/- 0.00615998
	CLs = 0.051452 +/- 0.00567245
	CLs = 0.0480708 +/- 0.00497844
	CLs      = 0.0480708 +/- 0.00497844
	CLb      = 0.671053 +/- 0.0170426
	CLsplusb = 0.0322581 +/- 0.00323879


 -- HybridNew, before fit -- 
Limit: r < 11.4835 +/- 1.86924 [11.0686, 13.6126]
Fit to 4 points: 12.2044 +/- 0.262081

 -- Hybrid New -- 
Limit: r < 12.2044 +/- 0.262081 @ 95% CL
Done in 0.01 min (cpu), 0.55 min (real)
