	CLs = 0.042198 +/- 0.0109995
	CLs = 0.0432961 +/- 0.00784177
	CLs = 0.0484077 +/- 0.00693089
	CLs = 0.0482049 +/- 0.00617266
	CLs = 0.0497246 +/- 0.00565934
	CLs = 0.0487164 +/- 0.00508206
	CLs = 0.0472982 +/- 0.00462397
	CLs      = 0.0472982 +/- 0.00462397
	CLb      = 0.657658 +/- 0.015923
	CLsplusb = 0.031106 +/- 0.00294625


 -- HybridNew, before fit -- 
Limit: r < 12.985 +/- 7.6465 [11.3619, 14.139]
Fit to 5 points: 12.6446 +/- 0.241731

 -- Hybrid New -- 
Limit: r < 12.6446 +/- 0.241731 @ 95% CL
Done in 0.01 min (cpu), 0.51 min (real)
