	CLs = 0.0551245 +/- 0.0132602
	CLs = 0.0609375 +/- 0.00998533
	CLs = 0.0585497 +/- 0.00791554
	CLs = 0.0613453 +/- 0.00710873
	CLs = 0.056839 +/- 0.00608323
	CLs = 0.0593299 +/- 0.00564852
	CLs = 0.0591915 +/- 0.00521949
	CLs = 0.0610009 +/- 0.0049747
	CLs      = 0.0610009 +/- 0.0049747
	CLb      = 0.648622 +/- 0.0149774
	CLsplusb = 0.0395665 +/- 0.00309465


 -- Hybrid New -- 
Limit: r < 12.1155 +/- 0.187929 @ 95% CL
Done in 0.01 min (cpu), 0.22 min (real)
