	CLs = 0.0216014 +/- 0.00984008
	CLs = 0.0282609 +/- 0.00802223
	CLs = 0.028749 +/- 0.00675986
	CLs      = 0.028749 +/- 0.00675986
	CLb      = 0.444149 +/- 0.0256242
	CLsplusb = 0.0127688 +/- 0.00291061


 -- Hybrid New -- 
Limit: r < 10.655 +/- 0.5 @ 95% CL
Done in 0.01 min (cpu), 0.24 min (real)
