	CLs = 0.0579637 +/- 0.0120956
	CLs = 0.047561 +/- 0.00759171
	CLs = 0.0479236 +/- 0.00648272
	CLs = 0.0502702 +/- 0.00583735
	CLs = 0.0514006 +/- 0.00530795
	CLs = 0.0499943 +/- 0.00477462
	CLs      = 0.0499943 +/- 0.00477462
	CLb      = 0.746053 +/- 0.0157888
	CLsplusb = 0.0372984 +/- 0.00347356


 -- HybridNew, before fit -- 
Limit: r < 19.5508 +/- 10.5757 [18.9398, 21.1515]
Fit to 5 points: 20.2297 +/- 0.210228

 -- Hybrid New -- 
Limit: r < 20.2297 +/- 0.210228 @ 95% CL
Done in 0.01 min (cpu), 0.57 min (real)
