	CLs = 0.0709121 +/- 0.0181783
	CLs = 0.0584677 +/- 0.0113233
	CLs = 0.0475488 +/- 0.00831985
	CLs = 0.0460985 +/- 0.0069377
	CLs = 0.0441514 +/- 0.0060211
	CLs = 0.0451423 +/- 0.00555803
	CLs = 0.0478161 +/- 0.00532193
	CLs = 0.0481916 +/- 0.0050003
	CLs = 0.0483533 +/- 0.00476422
	CLs      = 0.0483533 +/- 0.00476422
	CLb      = 0.509615 +/- 0.0147801
	CLsplusb = 0.0246416 +/- 0.00232035


 -- HybridNew, before fit -- 
Limit: r < 12.437 +/- 6.6648 [12.0484, 13.3296]
Fit to 4 points: 12.7716 +/- 0.14772

 -- Hybrid New -- 
Limit: r < 12.7716 +/- 0.14772 @ 95% CL
Done in 0.02 min (cpu), 0.91 min (real)
