	CLs = 0.047043 +/- 0.0128805
	CLs = 0.0427215 +/- 0.00836358
	CLs = 0.0386341 +/- 0.0064448
	CLs = 0.0363987 +/- 0.00531598
	CLs = 0.0420608 +/- 0.00517665
	CLs = 0.0417889 +/- 0.00471197
	CLs      = 0.0417889 +/- 0.00471197
	CLb      = 0.651316 +/- 0.0172864
	CLsplusb = 0.0272177 +/- 0.00298275


 -- HybridNew, before fit -- 
Limit: r < 10.2393 +/- 0.58974 [9.98252, 12.6745]
Fit to 4 points: 10.4845 +/- 0.18632

 -- Hybrid New -- 
Limit: r < 10.4845 +/- 0.18632 @ 95% CL
Done in 0.01 min (cpu), 0.43 min (real)
