	CLs = 0.065241 +/- 0.0134582
	CLs = 0.0570652 +/- 0.008878
	CLs = 0.0557533 +/- 0.00713035
	CLs = 0.0545799 +/- 0.00610467
	CLs = 0.0545312 +/- 0.00546241
	CLs = 0.0519713 +/- 0.00485404
	CLs      = 0.0519713 +/- 0.00485404
	CLb      = 0.75 +/- 0.015707
	CLsplusb = 0.0389785 +/- 0.00354783


 -- HybridNew, before fit -- 
Limit: r < 22.3217 +/- 1.35047 [21.3947, 24.7709]
Fit to 4 points: 23.0294 +/- 0.342003

 -- Hybrid New -- 
Limit: r < 23.0294 +/- 0.342003 @ 95% CL
Done in 0.01 min (cpu), 0.48 min (real)
