	CLs = 0.0377042 +/- 0.0110552
	CLs = 0.0424242 +/- 0.00813114
	CLs = 0.0421147 +/- 0.00658475
	CLs = 0.0461877 +/- 0.0059461
	CLs = 0.0445522 +/- 0.00521067
	CLs = 0.0447517 +/- 0.00471966
	CLs      = 0.0447517 +/- 0.00471966
	CLb      = 0.690789 +/- 0.0167646
	CLsplusb = 0.030914 +/- 0.0031728


 -- HybridNew, before fit -- 
Limit: r < 20.4426 +/- 20 [19.165, 25.332]
Fit to 6 points: 21.0129 +/- 0.438224

 -- Hybrid New -- 
Limit: r < 21.0129 +/- 0.438224 @ 95% CL
Done in 0.01 min (cpu), 0.54 min (real)
