	CLs = 0.0338189 +/- 0.00940424
	CLs = 0.0381579 +/- 0.0071086
	CLs = 0.0410946 +/- 0.00601235
	CLs = 0.0456464 +/- 0.00551713
	CLs = 0.051396 +/- 0.00527455
	CLs = 0.047471 +/- 0.00458497
	CLs      = 0.047471 +/- 0.00458497
	CLb      = 0.764474 +/- 0.015392
	CLsplusb = 0.0362903 +/- 0.00342809


 -- HybridNew, before fit -- 
Limit: r < 13.7633 +/- 1.72587 [13.1651, 14.5429]
Fit to 4 points: 13.9868 +/- 0.12005

 -- Hybrid New -- 
Limit: r < 13.9868 +/- 0.12005 @ 95% CL
Done in 0.01 min (cpu), 0.38 min (real)
