	CLs = 0.0403226 +/- 0.0124747
	CLs = 0.0397727 +/- 0.00890718
	CLs = 0.04009 +/- 0.00714671
	CLs = 0.0534344 +/- 0.00703907
	CLs = 0.0508266 +/- 0.00615683
	CLs = 0.0524907 +/- 0.00572453
	CLs = 0.0523847 +/- 0.00534164
	CLs = 0.0520168 +/- 0.00497182
	CLs      = 0.0520168 +/- 0.00497182
	CLb      = 0.562008 +/- 0.0155653
	CLsplusb = 0.0292339 +/- 0.00267433


 -- HybridNew, before fit -- 
Limit: r < 7.51934 +/- 5 [7.28436, 8.75967]
Fit to 4 points: 8.10032 +/- 0.170175

 -- Hybrid New -- 
Limit: r < 8.10032 +/- 0.170175 @ 95% CL
Done in 0.01 min (cpu), 0.60 min (real)
