	CLs = 0.0494868 +/- 0.0117701
	CLs = 0.0478142 +/- 0.00814185
	CLs = 0.0491338 +/- 0.00659158
	CLs = 0.0485746 +/- 0.00566667
	CLs = 0.0470553 +/- 0.00500761
	CLs = 0.0457457 +/- 0.00452768
	CLs      = 0.0457457 +/- 0.00452768
	CLb      = 0.756579 +/- 0.0155668
	CLsplusb = 0.0346102 +/- 0.00335071


 -- HybridNew, before fit -- 
Limit: r < 14.9881 +/- 1.29787 [14.2494, 17.494]
Fit to 4 points: 15.4163 +/- 0.207616

 -- Hybrid New -- 
Limit: r < 15.4163 +/- 0.207616 @ 95% CL
Done in 0.01 min (cpu), 0.32 min (real)
