	CLs = 0.0432028 +/- 0.0141655
	CLs = 0.0344203 +/- 0.00806035
	CLs = 0.0392525 +/- 0.00710598
	CLs = 0.0434164 +/- 0.00650157
	CLs = 0.0419905 +/- 0.00564874
	CLs = 0.0408602 +/- 0.00507177
	CLs = 0.0427125 +/- 0.00480323
	CLs      = 0.0427125 +/- 0.00480323
	CLb      = 0.559685 +/- 0.0166589
	CLsplusb = 0.0239055 +/- 0.00259242


 -- HybridNew, before fit -- 
Limit: r < 7.80418 +/- 5 [7.5603, 10]
Fit to 4 points: 8.04104 +/- 0.159121

 -- Hybrid New -- 
Limit: r < 8.04104 +/- 0.159121 @ 95% CL
Done in 0.01 min (cpu), 0.65 min (real)
