	CLs = 0.0422427 +/- 0.0131179
	CLs = 0.0477099 +/- 0.00984644
	CLs = 0.0495218 +/- 0.00818752
	CLs = 0.0429754 +/- 0.00658708
	CLs = 0.0406265 +/- 0.00561393
	CLs = 0.0415296 +/- 0.00520377
	CLs = 0.0425381 +/- 0.00488075
	CLs      = 0.0425381 +/- 0.00488075
	CLb      = 0.541667 +/- 0.0167205
	CLsplusb = 0.0230415 +/- 0.00254626


 -- HybridNew, before fit -- 
Limit: r < 11.1237 +/- 6.59856 [10.4285, 12.1604]
Fit to 5 points: 11.194 +/- 0.138489

 -- Hybrid New -- 
Limit: r < 11.194 +/- 0.138489 @ 95% CL
Done in 0.02 min (cpu), 0.89 min (real)
