	CLs = 0.0382003 +/- 0.0131392
	CLs = 0.0351852 +/- 0.00825156
	CLs = 0.0433909 +/- 0.00765584
	CLs = 0.0449442 +/- 0.0068305
	CLs = 0.0444214 +/- 0.00606095
	CLs = 0.0402564 +/- 0.00516102
	CLs = 0.0407734 +/- 0.00476251
	CLs      = 0.0407734 +/- 0.00476251
	CLb      = 0.543919 +/- 0.016714
	CLsplusb = 0.0221774 +/- 0.00249917


 -- HybridNew, before fit -- 
Limit: r < 8.14172 +/- 0.674157 [7.52948, 10.9003]
Fit to 5 points: 8.24758 +/- 0.152286

 -- Hybrid New -- 
Limit: r < 8.24758 +/- 0.152286 @ 95% CL
Done in 0.01 min (cpu), 0.47 min (real)
