	CLs = 0.0453629 +/- 0.0119001
	CLs = 0.0490798 +/- 0.00882681
	CLs = 0.051343 +/- 0.0073081
	CLs = 0.0505093 +/- 0.00621526
	CLs = 0.0557827 +/- 0.00580916
	CLs = 0.0564775 +/- 0.00534807
	CLs = 0.053129 +/- 0.00473656
	CLs      = 0.053129 +/- 0.00473656
	CLb      = 0.699324 +/- 0.015388
	CLsplusb = 0.0371544 +/- 0.00320991


 -- HybridNew, before fit -- 
Limit: r < 7.13781 +/- 0.704419 [6.80786, 7.85336]
Fit to 4 points: 7.34608 +/- 0.0967825

 -- Hybrid New -- 
Limit: r < 7.34608 +/- 0.0967825 @ 95% CL
Done in 0.01 min (cpu), 0.38 min (real)
