	CLs = 0.0649095 +/- 0.0141169
	CLs = 0.056213 +/- 0.00926963
	CLs = 0.0592238 +/- 0.00777645
	CLs = 0.0595161 +/- 0.00667115
	CLs = 0.0609011 +/- 0.00610332
	CLs = 0.0617284 +/- 0.0056447
	CLs = 0.0620155 +/- 0.00524559
	CLs = 0.0619592 +/- 0.00489656
	CLs      = 0.0619592 +/- 0.00489656
	CLb      = 0.675197 +/- 0.0146919
	CLsplusb = 0.0418347 +/- 0.00317836


 -- Hybrid New -- 
Limit: r < 9.31079 +/- 0.306938 @ 95% CL
Done in 0.01 min (cpu), 0.15 min (real)
