	CLs = 0.0312175 +/- 0.00903349
	CLs = 0.0327225 +/- 0.00656046
	CLs = 0.0414999 +/- 0.00623055
	CLs = 0.0416446 +/- 0.00541552
	CLs = 0.044172 +/- 0.00504746
	CLs = 0.0439152 +/- 0.00462402
	CLs      = 0.0439152 +/- 0.00462402
	CLb      = 0.703947 +/- 0.0165595
	CLsplusb = 0.030914 +/- 0.0031728


 -- HybridNew, before fit -- 
Limit: r < 23.7723 +/- 14.613 [22.2865, 26.4991]
Fit to 5 points: 24.1748 +/- 0.332579

 -- Hybrid New -- 
Limit: r < 24.1748 +/- 0.332579 @ 95% CL
Done in 0.01 min (cpu), 0.57 min (real)
