	CLs = 0.035017 +/- 0.0107199
	CLs = 0.0416667 +/- 0.00814043
	CLs = 0.0410618 +/- 0.00668136
	CLs = 0.0431228 +/- 0.00590956
	CLs = 0.0420484 +/- 0.00526294
	CLs = 0.0413417 +/- 0.00472374
	CLs      = 0.0413417 +/- 0.00472374
	CLb      = 0.642105 +/- 0.017389
	CLsplusb = 0.0265457 +/- 0.00294672


 -- HybridNew, before fit -- 
Limit: r < 14.8592 +/- 7.95968 [11.1444, 15.9194]
Fit to 5 points: 14.0488 +/- 0.307305

 -- Hybrid New -- 
Limit: r < 14.0488 +/- 0.307305 @ 95% CL
Done in 0.01 min (cpu), 0.45 min (real)
