	CLs = 0.0320209 +/- 0.0108809
	CLs = 0.0375 +/- 0.00836188
	CLs = 0.0350956 +/- 0.00653111
	CLs = 0.0362903 +/- 0.00578218
	CLs = 0.0363038 +/- 0.00518721
	CLs = 0.0345578 +/- 0.00458343
	CLs      = 0.0345578 +/- 0.00458343
	CLb      = 0.573684 +/- 0.0179389
	CLsplusb = 0.0198253 +/- 0.00255532


 -- HybridNew, before fit -- 
Limit: r < 12.0103 +/- 10 [9.0077, 12.5096]
Fit to 4 points: 10.7836 +/- 0.256535

 -- Hybrid New -- 
Limit: r < 10.7836 +/- 0.256535 @ 95% CL
Done in 0.01 min (cpu), 0.51 min (real)
