	CLs = 0.0439883 +/- 0.0144448
	CLs = 0.0432331 +/- 0.0092681
	CLs = 0.0451229 +/- 0.00785992
	CLs = 0.0418734 +/- 0.006405
	CLs = 0.0432054 +/- 0.00577034
	CLs = 0.0434683 +/- 0.0052525
	CLs = 0.0432271 +/- 0.00483346
	CLs      = 0.0432271 +/- 0.00483346
	CLb      = 0.559685 +/- 0.0166589
	CLsplusb = 0.0241935 +/- 0.0026076


 -- HybridNew, before fit -- 
Limit: r < 7.09478 +/- 5 [6.65136, 7.45793]
Fit to 5 points: 7.01728 +/- 0.0673782

 -- Hybrid New -- 
Limit: r < 7.01728 +/- 0.0673782 @ 95% CL
Done in 0.02 min (cpu), 0.83 min (real)
