	CLs = 0.0466893 +/- 0.0146238
	CLs = 0.0413534 +/- 0.00905375
	CLs = 0.0379032 +/- 0.00709122
	CLs = 0.0373577 +/- 0.00604552
	CLs = 0.0359772 +/- 0.00531063
	CLs = 0.0363035 +/- 0.00487611
	CLs      = 0.0363035 +/- 0.00487611
	CLb      = 0.536842 +/- 0.0180876
	CLsplusb = 0.0194892 +/- 0.002534


 -- HybridNew, before fit -- 
Limit: r < 9.58126 +/- 6.55669 [8.38361, 10.0228]
Fit to 4 points: 8.99131 +/- 0.151218

 -- Hybrid New -- 
Limit: r < 8.99131 +/- 0.151218 @ 95% CL
Done in 0.01 min (cpu), 0.64 min (real)
