	CLs = 0.0960626 +/- 0.0195443
	CLs = 0.0868794 +/- 0.0130203
	CLs = 0.0669917 +/- 0.00920092
	CLs = 0.0687279 +/- 0.00801343
	CLs = 0.0640578 +/- 0.00690408
	CLs = 0.0663623 +/- 0.00650112
	CLs = 0.0684429 +/- 0.00616622
	CLs = 0.0666365 +/- 0.00573057
	CLs = 0.0687953 +/- 0.00546897
	CLs      = 0.0687953 +/- 0.00546897
	CLb      = 0.556818 +/- 0.0146871
	CLsplusb = 0.0383065 +/- 0.00287271


 -- Hybrid New -- 
Limit: r < 6.55376 +/- 0.197454 @ 95% CL
Done in 0.01 min (cpu), 0.21 min (real)
