	CLs = 0.0672043 +/- 0.0135682
	CLs = 0.0563187 +/- 0.00887702
	CLs = 0.0617682 +/- 0.00769593
	CLs = 0.0656488 +/- 0.00694463
	CLs = 0.0665539 +/- 0.00624105
	CLs = 0.0596191 +/- 0.0053526
	CLs = 0.0623315 +/- 0.00506759
	CLs = 0.0605782 +/- 0.00467403
	CLs      = 0.0605782 +/- 0.00467403
	CLb      = 0.715551 +/- 0.0141539
	CLsplusb = 0.0433468 +/- 0.00323273


 -- Hybrid New -- 
Limit: r < 19.5524 +/- 0.915494 @ 95% CL
Done in 0.01 min (cpu), 0.15 min (real)
