	CLs = 0.0489996 +/- 0.0124741
	CLs = 0.0449438 +/- 0.00801812
	CLs = 0.0441964 +/- 0.00658657
	CLs = 0.0472285 +/- 0.00587616
	CLs = 0.0488968 +/- 0.00536453
	CLs = 0.0474339 +/- 0.00481994
	CLs      = 0.0474339 +/- 0.00481994
	CLb      = 0.701316 +/- 0.0166018
	CLsplusb = 0.0332661 +/- 0.00328729


 -- HybridNew, before fit -- 
Limit: r < 22.8515 +/- 14.3806 [21.4233, 24.3289]
Fit to 5 points: 22.8165 +/- 0.249642

 -- Hybrid New -- 
Limit: r < 22.8165 +/- 0.249642 @ 95% CL
Done in 0.01 min (cpu), 0.74 min (real)
