	CLs = 0.0420757 +/- 0.0124445
	CLs = 0.0571895 +/- 0.00991658
	CLs = 0.0588892 +/- 0.00813598
	CLs = 0.0589291 +/- 0.00701235
	CLs = 0.0566308 +/- 0.00609794
	CLs = 0.054612 +/- 0.00543621
	CLs = 0.0526697 +/- 0.00494243
	CLs      = 0.0526697 +/- 0.00494243
	CLb      = 0.64527 +/- 0.0160551
	CLsplusb = 0.0339862 +/- 0.00307506


 -- HybridNew, before fit -- 
Limit: r < 11.8486 +/- 10 [11.1081, 12.8676]
Fit to 5 points: 12.0524 +/- 0.21207

 -- Hybrid New -- 
Limit: r < 12.0524 +/- 0.21207 @ 95% CL
Done in 0.01 min (cpu), 0.70 min (real)
