	CLs = 0.0570859 +/- 0.0125726
	CLs = 0.0628342 +/- 0.00923126
	CLs = 0.0627364 +/- 0.00742454
	CLs = 0.065957 +/- 0.00659026
	CLs = 0.0674422 +/- 0.00590583
	CLs = 0.0645828 +/- 0.00522164
	CLs = 0.0602426 +/- 0.00466027
	CLs      = 0.0602426 +/- 0.00466027
	CLb      = 0.798423 +/- 0.0134626
	CLsplusb = 0.0480991 +/- 0.0036314


 -- Hybrid New -- 
Limit: r < 13.3681 +/- 0.467467 @ 95% CL
Done in 0.00 min (cpu), 0.15 min (real)
