	CLs = 0.0567036 +/- 0.0152091
	CLs = 0.0527344 +/- 0.0105217
	CLs = 0.0555649 +/- 0.00891008
	CLs = 0.0508065 +/- 0.00729011
	CLs = 0.0485407 +/- 0.00625699
	CLs = 0.0488219 +/- 0.00569769
	CLs = 0.0497462 +/- 0.0053508
	CLs = 0.0486586 +/- 0.0049425
	CLs      = 0.0486586 +/- 0.0049425
	CLb      = 0.533465 +/- 0.0156512
	CLsplusb = 0.0259577 +/- 0.00252427


 -- HybridNew, before fit -- 
Limit: r < 8.26313 +/- 0.486262 [7.56869, 10]
Fit to 5 points: 8.54957 +/- 0.158961

 -- Hybrid New -- 
Limit: r < 8.54957 +/- 0.158961 @ 95% CL
Done in 0.01 min (cpu), 0.50 min (real)
