	CLs = 0.0604839 +/- 0.0169933
	CLs = 0.047619 +/- 0.0100523
	CLs = 0.0472195 +/- 0.00800589
	CLs = 0.0468694 +/- 0.00682459
	CLs = 0.0430923 +/- 0.00580888
	CLs = 0.0426673 +/- 0.00531393
	CLs = 0.0428051 +/- 0.00491381
	CLs      = 0.0428051 +/- 0.00491381
	CLb      = 0.538288 +/- 0.0167296
	CLsplusb = 0.0230415 +/- 0.00254626


 -- HybridNew, before fit -- 
Limit: r < 6.01424 +/- 0.357452 [5.71274, 7.5]
Fit to 5 points: 6.14052 +/- 0.0813287

 -- Hybrid New -- 
Limit: r < 6.14052 +/- 0.0813287 @ 95% CL
Done in 0.01 min (cpu), 0.52 min (real)
