	CLs = 0.0455408 +/- 0.0115134
	CLs = 0.0528571 +/- 0.00879734
	CLs = 0.0614907 +/- 0.00780124
	CLs = 0.0610245 +/- 0.00666622
	CLs = 0.0599957 +/- 0.00593334
	CLs = 0.0615936 +/- 0.00547309
	CLs = 0.060348 +/- 0.0050468
	CLs = 0.060861 +/- 0.00474847
	CLs      = 0.060861 +/- 0.00474847
	CLb      = 0.699803 +/- 0.0143795
	CLsplusb = 0.0425907 +/- 0.00320568


 -- Hybrid New -- 
Limit: r < 23.6279 +/- 0.943343 @ 95% CL
Done in 0.01 min (cpu), 0.16 min (real)
