	CLs = 0.0583982 +/- 0.0163432
	CLs = 0.0495868 +/- 0.0105062
	CLs = 0.0478778 +/- 0.0082524
	CLs = 0.0450548 +/- 0.00676752
	CLs = 0.0420972 +/- 0.00577538
	CLs = 0.0419368 +/- 0.00525877
	CLs = 0.0433492 +/- 0.00498129
	CLs      = 0.0433492 +/- 0.00498129
	CLb      = 0.531532 +/- 0.0167455
	CLsplusb = 0.0230415 +/- 0.00254626


 -- HybridNew, before fit -- 
Limit: r < 14.4028 +/- 10 [12.6025, 20]
Fit to 5 points: 14.5773 +/- 0.388209

 -- Hybrid New -- 
Limit: r < 14.5773 +/- 0.388209 @ 95% CL
Done in 0.01 min (cpu), 0.63 min (real)
