	CLs = 0.0336022 +/- 0.0108123
	CLs = 0.034965 +/- 0.00796963
	CLs = 0.0402836 +/- 0.00718386
	CLs = 0.0489589 +/- 0.00692663
	CLs = 0.0450142 +/- 0.00586785
	CLs = 0.0434948 +/- 0.00533888
	CLs = 0.0443882 +/- 0.004974
	CLs      = 0.0443882 +/- 0.004974
	CLb      = 0.545045 +/- 0.0167107
	CLsplusb = 0.0241935 +/- 0.0026076


 -- HybridNew, before fit -- 
Limit: r < 6.59856 +/- 5 [6.39235, 8.29928]
Fit to 4 points: 6.84654 +/- 0.132516

 -- Hybrid New -- 
Limit: r < 6.84654 +/- 0.132516 @ 95% CL
Done in 0.01 min (cpu), 0.67 min (real)
