	CLs = 0.0444371 +/- 0.0154683
	CLs = 0.0424528 +/- 0.0103944
	CLs = 0.0397308 +/- 0.00823471
	CLs = 0.0379324 +/- 0.00682148
	CLs = 0.0386398 +/- 0.00616231
	CLs = 0.0398786 +/- 0.00572115
	CLs = 0.0432825 +/- 0.00552619
	CLs = 0.0456211 +/- 0.00529891
	CLs = 0.0443064 +/- 0.00489984
	CLs      = 0.0443064 +/- 0.00489984
	CLb      = 0.44493 +/- 0.0146929
	CLsplusb = 0.0197133 +/- 0.00208062


 -- HybridNew, before fit -- 
Limit: r < 14.2513 +/- 8.95251 [13.8059, 17.905]
Fit to 4 points: 15.0973 +/- 0.284588

 -- Hybrid New -- 
Limit: r < 15.0973 +/- 0.284588 @ 95% CL
Done in 0.02 min (cpu), 0.79 min (real)
