	CLs = 0.0577756 +/- 0.0149633
	CLs = 0.05 +/- 0.00992524
	CLs = 0.047946 +/- 0.00814003
	CLs = 0.0531695 +/- 0.00750168
	CLs = 0.0533201 +/- 0.00670166
	CLs = 0.0501632 +/- 0.00591122
	CLs = 0.0474438 +/- 0.00524298
	CLs = 0.0471544 +/- 0.00485607
	CLs      = 0.0471544 +/- 0.00485607
	CLb      = 0.534449 +/- 0.0156491
	CLsplusb = 0.0252016 +/- 0.0024882


 -- HybridNew, before fit -- 
Limit: r < 12.0152 +/- 7.22967 [10.5133, 12.6263]
Fit to 5 points: 11.4616 +/- 0.19801

 -- Hybrid New -- 
Limit: r < 11.4616 +/- 0.19801 @ 95% CL
Done in 0.02 min (cpu), 0.82 min (real)
