	CLs = 0.0703301 +/- 0.014289
	CLs = 0.0763889 +/- 0.0104452
	CLs = 0.0629406 +/- 0.00771819
	CLs = 0.064364 +/- 0.00670299
	CLs = 0.0634315 +/- 0.00600754
	CLs = 0.064783 +/- 0.00558518
	CLs = 0.0653432 +/- 0.0051816
	CLs = 0.067695 +/- 0.00493521
	CLs      = 0.067695 +/- 0.00493521
	CLb      = 0.718504 +/- 0.0141092
	CLsplusb = 0.0486391 +/- 0.00341491


 -- Hybrid New -- 
Limit: r < 26.1578 +/- 1.06144 @ 95% CL
Done in 0.01 min (cpu), 0.17 min (real)
