	CLs = 0.0667408 +/- 0.0138093
	CLs = 0.0621302 +/- 0.00976183
	CLs = 0.0602564 +/- 0.00777368
	CLs = 0.0585665 +/- 0.00665025
	CLs = 0.0549764 +/- 0.00568105
	CLs = 0.052494 +/- 0.00503753
	CLs = 0.0513968 +/- 0.00463064
	CLs      = 0.0513968 +/- 0.00463064
	CLb      = 0.706081 +/- 0.0152874
	CLsplusb = 0.0362903 +/- 0.00317379


 -- HybridNew, before fit -- 
Limit: r < 25.4149 +/- 20 [22.238, 27.238]
Fit to 5 points: 25.5757 +/- 0.461792

 -- Hybrid New -- 
Limit: r < 25.5757 +/- 0.461792 @ 95% CL
Done in 0.01 min (cpu), 0.66 min (real)
