	CLs = 0.0638441 +/- 0.0151313
	CLs = 0.0515152 +/- 0.00898671
	CLs = 0.0427779 +/- 0.00660794
	CLs = 0.0419573 +/- 0.00573706
	CLs = 0.0409453 +/- 0.00507093
	CLs = 0.0386934 +/- 0.00452923
	CLs      = 0.0386934 +/- 0.00452923
	CLb      = 0.651316 +/- 0.0172864
	CLsplusb = 0.0252016 +/- 0.00287313


 -- HybridNew, before fit -- 
Limit: r < 13.7308 +/- 10 [12.0144, 14.1226]
Fit to 4 points: 13.0598 +/- 0.195345

 -- Hybrid New -- 
Limit: r < 13.0598 +/- 0.195345 @ 95% CL
Done in 0.01 min (cpu), 0.51 min (real)
