	CLs = 0.0288878 +/- 0.0103986
	CLs = 0.0385906 +/- 0.00819988
	CLs = 0.0445266 +/- 0.00718985
	CLs = 0.0411707 +/- 0.00613937
	CLs = 0.040016 +/- 0.00541521
	CLs = 0.0376592 +/- 0.00480466
	CLs      = 0.0376592 +/- 0.00480466
	CLb      = 0.571053 +/- 0.0179528
	CLsplusb = 0.0215054 +/- 0.00265911


 -- HybridNew, before fit -- 
Limit: r < 6.11466 +/- 0.948082 [5.90089, 6.35749]
Fit to 3 points: 6.12796 +/- 0.0439196

 -- Hybrid New -- 
Limit: r < 6.12796 +/- 0.0439196 @ 95% CL
Done in 0.01 min (cpu), 0.61 min (real)
