	CLs = 0.0612903 +/- 0.0144541
	CLs = 0.0503145 +/- 0.00907043
	CLs = 0.047379 +/- 0.00719433
	CLs = 0.0498568 +/- 0.00640425
	CLs = 0.0430887 +/- 0.00522701
	CLs = 0.0443257 +/- 0.00479132
	CLs      = 0.0443257 +/- 0.00479132
	CLb      = 0.667105 +/- 0.017094
	CLsplusb = 0.0295699 +/- 0.00310521


 -- HybridNew, before fit -- 
Limit: r < 11.8007 +/- 6.80502 [11.0632, 12.7054]
Fit to 5 points: 11.5002 +/- 0.198184

 -- Hybrid New -- 
Limit: r < 11.5002 +/- 0.198184 @ 95% CL
Done in 0.01 min (cpu), 0.65 min (real)
