	CLs = 0.0540797 +/- 0.0125724
	CLs = 0.0540936 +/- 0.00902482
	CLs = 0.0422748 +/- 0.00643882
	CLs = 0.0474961 +/- 0.0059125
	CLs = 0.0546507 +/- 0.00578758
	CLs = 0.0580624 +/- 0.0054311
	CLs = 0.0573038 +/- 0.00499111
	CLs      = 0.0573038 +/- 0.00499111
	CLb      = 0.683559 +/- 0.0156073
	CLsplusb = 0.0391705 +/- 0.0032924


 -- HybridNew, before fit -- 
Limit: r < 7.26166 +/- 0.732553 [7.03055, 7.94624]
Fit to 4 points: 7.52764 +/- 0.0998214

 -- Hybrid New -- 
Limit: r < 7.52764 +/- 0.0998214 @ 95% CL
Done in 0.01 min (cpu), 0.47 min (real)
