	CLs = 0.0439883 +/- 0.0119714
	CLs = 0.0449102 +/- 0.00831518
	CLs = 0.0414567 +/- 0.00647363
	CLs = 0.0423387 +/- 0.00562114
	CLs = 0.0430549 +/- 0.00505985
	CLs = 0.0426417 +/- 0.0045358
	CLs      = 0.0426417 +/- 0.0045358
	CLb      = 0.709211 +/- 0.0164729
	CLsplusb = 0.0302419 +/- 0.00313921


 -- HybridNew, before fit -- 
Limit: r < 17.9281 +/- 1.38554 [16.3637, 23.2914]
Fit to 6 points: 18.6255 +/- 0.332353

 -- Hybrid New -- 
Limit: r < 18.6255 +/- 0.332353 @ 95% CL
Done in 0.01 min (cpu), 0.37 min (real)
