	CLs = 0.0472747 +/- 0.0115768
	CLs = 0.0451977 +/- 0.00806744
	CLs = 0.047677 +/- 0.00681664
	CLs = 0.0455202 +/- 0.00585268
	CLs = 0.0469135 +/- 0.0052729
	CLs = 0.0508814 +/- 0.00502917
	CLs = 0.0506538 +/- 0.00464415
	CLs      = 0.0506538 +/- 0.00464415
	CLb      = 0.693694 +/- 0.0154688
	CLsplusb = 0.0351382 +/- 0.00312488


 -- HybridNew, before fit -- 
Limit: r < 22.3654 +/- 12.1962 [20.9676, 24.3923]
Fit to 5 points: 22.5673 +/- 0.367808

 -- Hybrid New -- 
Limit: r < 22.5673 +/- 0.367808 @ 95% CL
Done in 0.01 min (cpu), 0.70 min (real)
