	CLs = 0.0566232 +/- 0.0180695
	CLs = 0.0368217 +/- 0.00866236
	CLs = 0.0437826 +/- 0.00760738
	CLs = 0.0457632 +/- 0.00672524
	CLs = 0.048293 +/- 0.0061684
	CLs = 0.0481603 +/- 0.00569585
	CLs = 0.0493097 +/- 0.00533218
	CLs = 0.0511132 +/- 0.00513197
	CLs = 0.0512545 +/- 0.00476913
	CLs      = 0.0512545 +/- 0.00476913
	CLb      = 0.537587 +/- 0.014741
	CLsplusb = 0.0275538 +/- 0.00244997


 -- HybridNew, before fit -- 
Limit: r < 11.4274 +/- 6.59856 [11.0703, 12.3123]
Fit to 4 points: 11.6906 +/- 0.136259

 -- Hybrid New -- 
Limit: r < 11.6906 +/- 0.136259 @ 95% CL
Done in 0.02 min (cpu), 0.88 min (real)
