	CLs = 0.0319537 +/- 0.0124322
	CLs = 0.0318182 +/- 0.00874156
	CLs = 0.0376024 +/- 0.00776294
	CLs = 0.0361183 +/- 0.00681331
	CLs = 0.0387587 +/- 0.00634706
	CLs = 0.0346807 +/- 0.00539081
	CLs = 0.0347501 +/- 0.00507199
	CLs      = 0.0347501 +/- 0.00507199
	CLb      = 0.414414 +/- 0.0165313
	CLsplusb = 0.0144009 +/- 0.00202188


 -- HybridNew, before fit -- 
Limit: r < 10 +/- 10 [8.75, 10.3125]
Fit to 4 points: 9.42864 +/- 0.152589

 -- Hybrid New -- 
Limit: r < 9.42864 +/- 0.152589 @ 95% CL
Done in 0.02 min (cpu), 0.92 min (real)
