	CLs = 0.0649976 +/- 0.0159385
	CLs = 0.0428082 +/- 0.0087531
	CLs = 0.0413886 +/- 0.00683783
	CLs = 0.0427498 +/- 0.00604253
	CLs = 0.040037 +/- 0.00512431
	CLs = 0.0417597 +/- 0.00480964
	CLs      = 0.0417597 +/- 0.00480964
	CLb      = 0.627632 +/- 0.0175361
	CLsplusb = 0.0262097 +/- 0.00292851


 -- HybridNew, before fit -- 
Limit: r < 15.9805 +/- 10.4443 [13.9829, 18.4346]
Fit to 5 points: 16.2859 +/- 0.371697

 -- Hybrid New -- 
Limit: r < 16.2859 +/- 0.371697 @ 95% CL
Done in 0.01 min (cpu), 0.63 min (real)
