	CLs = 0.058651 +/- 0.0119363
	CLs = 0.0521845 +/- 0.00792618
	CLs = 0.059741 +/- 0.00690952
	CLs = 0.0566547 +/- 0.00585016
	CLs = 0.0613773 +/- 0.00546957
	CLs = 0.0613066 +/- 0.00496565
	CLs      = 0.0613066 +/- 0.00496565
	CLb      = 0.827632 +/- 0.0137006
	CLsplusb = 0.0507392 +/- 0.00402298


 -- Hybrid New -- 
Limit: r < 14.093 +/- 0.47856 @ 95% CL
Done in 0.00 min (cpu), 0.14 min (real)
