	CLs = 0.0551783 +/- 0.0160034
	CLs = 0.0560748 +/- 0.0120231
	CLs = 0.0660623 +/- 0.0110946
	CLs = 0.0756965 +/- 0.0105736
	CLs = 0.0711898 +/- 0.00915995
	CLs = 0.0687882 +/- 0.00820145
	CLs = 0.0630344 +/- 0.00716293
	CLs = 0.0684929 +/- 0.00705495
	CLs = 0.0747218 +/- 0.00708568
	CLs      = 0.0747218 +/- 0.00708568
	CLb      = 0.383741 +/- 0.0143776
	CLsplusb = 0.0286738 +/- 0.00249783


 -- Hybrid New -- 
Limit: r < 10.2795 +/- 0.337469 @ 95% CL
Done in 0.00 min (cpu), 0.18 min (real)
