	CLs = 0.058651 +/- 0.0152156
	CLs = 0.0521583 +/- 0.00998346
	CLs = 0.0514957 +/- 0.00808721
	CLs = 0.0584822 +/- 0.00756525
	CLs = 0.0519784 +/- 0.00630981
	CLs = 0.0536351 +/- 0.00589949
	CLs = 0.0520993 +/- 0.00540039
	CLs = 0.0530386 +/- 0.00507902
	CLs = 0.0514164 +/- 0.00469994
	CLs      = 0.0514164 +/- 0.00469994
	CLb      = 0.553322 +/- 0.0146985
	CLsplusb = 0.0284498 +/- 0.00248834


 -- HybridNew, before fit -- 
Limit: r < 5.69295 +/- 0.950623 [5.46992, 6.23133]
Fit to 4 points: 5.83251 +/- 0.0709463

 -- Hybrid New -- 
Limit: r < 5.83251 +/- 0.0709463 @ 95% CL
Done in 0.01 min (cpu), 0.70 min (real)
