	CLs = 0.0477504 +/- 0.0125861
	CLs = 0.0455801 +/- 0.00799766
	CLs = 0.0512836 +/- 0.0069829
	CLs = 0.0496868 +/- 0.00595229
	CLs = 0.0507495 +/- 0.00530047
	CLs = 0.0513554 +/- 0.00494381
	CLs      = 0.0513554 +/- 0.00494381
	CLb      = 0.719737 +/- 0.0162916
	CLsplusb = 0.0369624 +/- 0.00345848


 -- HybridNew, before fit -- 
Limit: r < 20.3643 +/- 11.5401 [17.8188, 23.0803]
Fit to 6 points: 20.5889 +/- 0.401011

 -- Hybrid New -- 
Limit: r < 20.5889 +/- 0.401011 @ 95% CL
Done in 0.01 min (cpu), 0.52 min (real)
