	CLs = 0.0558313 +/- 0.013449
	CLs = 0.046875 +/- 0.00871207
	CLs = 0.0419482 +/- 0.00655661
	CLs = 0.0435913 +/- 0.00580138
	CLs = 0.0449368 +/- 0.00521974
	CLs = 0.0419129 +/- 0.00456918
	CLs      = 0.0419129 +/- 0.00456918
	CLb      = 0.689474 +/- 0.0167842
	CLsplusb = 0.0288978 +/- 0.00307078


 -- HybridNew, before fit -- 
Limit: r < 7.73586 +/- 0.53845 [7.30775, 8.86793]
Fit to 5 points: 7.65839 +/- 0.109067

 -- Hybrid New -- 
Limit: r < 7.65839 +/- 0.109067 @ 95% CL
Done in 0.01 min (cpu), 0.36 min (real)
