	CLs = 0.0872554 +/- 0.0198011
	CLs = 0.0770677 +/- 0.0126327
	CLs = 0.0765722 +/- 0.0103827
	CLs = 0.0749911 +/- 0.00877808
	CLs = 0.0686957 +/- 0.00741968
	CLs = 0.0649158 +/- 0.00654982
	CLs = 0.0676861 +/- 0.00614403
	CLs = 0.0669319 +/- 0.005691
	CLs = 0.068776 +/- 0.00552425
	CLs      = 0.068776 +/- 0.00552425
	CLb      = 0.547203 +/- 0.0147168
	CLsplusb = 0.0376344 +/- 0.0028484

Fit to 11 points: 9.19999 +/- 0.365214

 -- Hybrid New -- 
Limit: r < 8.42201 +/- 0.394497 @ 95% CL
Done in 0.04 min (cpu), 2.43 min (real)
