	CLs = 0.0682382 +/- 0.0222378
	CLs = 0.0668605 +/- 0.0149603
	CLs = 0.0604254 +/- 0.0111775
	CLs = 0.0544355 +/- 0.00884864
	CLs = 0.0488441 +/- 0.00755432
	CLs = 0.0444133 +/- 0.00642435
	CLs = 0.0448316 +/- 0.00599015
	CLs = 0.0415214 +/- 0.00531283
	CLs = 0.0388789 +/- 0.00478118
	CLs      = 0.0388789 +/- 0.00478118
	CLb      = 0.409091 +/- 0.0145364
	CLsplusb = 0.015905 +/- 0.00187251


 -- HybridNew, before fit -- 
Limit: r < 11.5548 +/- 6.19361 [10.8326, 11.971]
Fit to 4 points: 11.3924 +/- 0.124501

 -- Hybrid New -- 
Limit: r < 11.3924 +/- 0.124501 @ 95% CL
Done in 0.02 min (cpu), 0.98 min (real)
