	CLs = 0.0776583 +/- 0.0156203
	CLs = 0.0679012 +/- 0.0104884
	CLs = 0.0611342 +/- 0.00805658
	CLs = 0.0567927 +/- 0.00673096
	CLs = 0.0547842 +/- 0.00591717
	CLs = 0.0532872 +/- 0.00526187
	CLs = 0.0537979 +/- 0.00496188
	CLs      = 0.0537979 +/- 0.00496188
	CLb      = 0.653153 +/- 0.0159724
	CLsplusb = 0.0351382 +/- 0.00312488


 -- HybridNew, before fit -- 
Limit: r < 16.0866 +/- 10.4443 [14.0757, 17.2871]
Fit to 5 points: 16.1685 +/- 0.37844

 -- Hybrid New -- 
Limit: r < 16.1685 +/- 0.37844 @ 95% CL
Done in 0.01 min (cpu), 0.65 min (real)
