	CLs = 0.0260546 +/- 0.0100198
	CLs = 0.0444444 +/- 0.00932632
	CLs = 0.0413275 +/- 0.00714771
	CLs = 0.0408888 +/- 0.00609408
	CLs = 0.0390421 +/- 0.00537901
	CLs = 0.0383664 +/- 0.00490139
	CLs      = 0.0383664 +/- 0.00490139
	CLb      = 0.560526 +/- 0.0180035
	CLsplusb = 0.0215054 +/- 0.00265911


 -- HybridNew, before fit -- 
Limit: r < 7.78945 +/- 5 [6.81577, 8.06577]
Fit to 4 points: 7.51663 +/- 0.0927152

 -- Hybrid New -- 
Limit: r < 7.51663 +/- 0.0927152 @ 95% CL
Done in 0.01 min (cpu), 0.62 min (real)
