	CLs = 0.0650364 +/- 0.0130727
	CLs = 0.0646766 +/- 0.00895382
	CLs = 0.0600029 +/- 0.00712428
	CLs = 0.0587687 +/- 0.00609386
	CLs = 0.0565742 +/- 0.0053741
	CLs = 0.0528511 +/- 0.00472827
	CLs      = 0.0528511 +/- 0.00472827
	CLb      = 0.794737 +/- 0.0146508
	CLsplusb = 0.0420027 +/- 0.00367709


 -- HybridNew, before fit -- 
Limit: r < 11.4217 +/- 2.00419 [10.7004, 12.494]
Fit to 5 points: 11.6055 +/- 0.132552

 -- Hybrid New -- 
Limit: r < 11.6055 +/- 0.132552 @ 95% CL
Done in 0.01 min (cpu), 0.44 min (real)
