	CLs = 0.0591398 +/- 0.0127138
	CLs = 0.0527778 +/- 0.00864509
	CLs = 0.046111 +/- 0.00657272
	CLs = 0.0477608 +/- 0.00579648
	CLs = 0.0456261 +/- 0.00507928
	CLs = 0.0454523 +/- 0.00465577
	CLs      = 0.0454523 +/- 0.00465577
	CLb      = 0.717105 +/- 0.0163379
	CLsplusb = 0.0325941 +/- 0.00325505


 -- HybridNew, before fit -- 
Limit: r < 25.2204 +/- 20 [22.0678, 27.0678]
Fit to 5 points: 24.8212 +/- 0.418963

 -- Hybrid New -- 
Limit: r < 24.8212 +/- 0.418963 @ 95% CL
Done in 0.01 min (cpu), 0.64 min (real)
