	CLs = 0.045582 +/- 0.0129782
	CLs = 0.0416667 +/- 0.00890579
	CLs = 0.0474532 +/- 0.00770486
	CLs = 0.0522478 +/- 0.00706782
	CLs = 0.0521261 +/- 0.00632947
	CLs = 0.0514384 +/- 0.00574697
	CLs = 0.0524099 +/- 0.00540484
	CLs = 0.0513916 +/- 0.00497981
	CLs      = 0.0513916 +/- 0.00497981
	CLb      = 0.554134 +/- 0.0155942
	CLsplusb = 0.0284778 +/- 0.00264055


 -- HybridNew, before fit -- 
Limit: r < 9.13715 +/- 6.07576 [7.995, 9.89074]
Fit to 5 points: 8.962 +/- 0.168621

 -- Hybrid New -- 
Limit: r < 8.962 +/- 0.168621 @ 95% CL
Done in 0.01 min (cpu), 0.71 min (real)
