	CLs = 0.0773196 +/- 0.0138784
	CLs = 0.0708955 +/- 0.00937288
	CLs = 0.0788591 +/- 0.00818646
	CLs      = 0.0788591 +/- 0.00818646
	CLb      = 0.792553 +/- 0.0209109
	CLsplusb = 0.0625 +/- 0.00627515


 -- Hybrid New -- 
Limit: r < 12.2012 +/- 0.444833 @ 95% CL
Done in 0.00 min (cpu), 0.08 min (real)
