	CLs = 0.0529234 +/- 0.011557
	CLs = 0.0459184 +/- 0.00766156
	CLs = 0.057145 +/- 0.00718914
	CLs = 0.054871 +/- 0.00614069
	CLs = 0.0583106 +/- 0.00565113
	CLs = 0.0605671 +/- 0.00527344
	CLs = 0.0619209 +/- 0.00491513
	CLs      = 0.0619209 +/- 0.00491513
	CLb      = 0.748874 +/- 0.0145527
	CLsplusb = 0.046371 +/- 0.00356881


 -- Hybrid New -- 
Limit: r < 19.1629 +/- 0.309775 @ 95% CL
Done in 0.01 min (cpu), 0.19 min (real)
