	CLs = 0.0629032 +/- 0.0122802
	CLs = 0.0556872 +/- 0.00806515
	CLs = 0.0552501 +/- 0.00667355
	CLs = 0.0530262 +/- 0.00570295
	CLs = 0.0528265 +/- 0.00506505
	CLs = 0.0526132 +/- 0.00459433
	CLs      = 0.0526132 +/- 0.00459433
	CLb      = 0.830263 +/- 0.0136172
	CLsplusb = 0.0436828 +/- 0.00374662


 -- HybridNew, before fit -- 
Limit: r < 10.869 +/- 1 [10, 11.9017]
Fit to 5 points: 10.9558 +/- 0.112187

 -- Hybrid New -- 
Limit: r < 10.9558 +/- 0.112187 @ 95% CL
Done in 0.01 min (cpu), 0.35 min (real)
