	CLs = 0.070034 +/- 0.0153856
	CLs = 0.0559211 +/- 0.00983804
	CLs = 0.0482309 +/- 0.00724378
	CLs = 0.0452807 +/- 0.00598701
	CLs = 0.0434032 +/- 0.00526831
	CLs = 0.0434243 +/- 0.00481153
	CLs      = 0.0434243 +/- 0.00481153
	CLb      = 0.65 +/- 0.0173015
	CLsplusb = 0.0282258 +/- 0.00303591


 -- HybridNew, before fit -- 
Limit: r < 11.9237 +/- 7.23924 [8.94281, 12.5624]
Fit to 5 points: 11.3252 +/- 0.223142

 -- Hybrid New -- 
Limit: r < 11.3252 +/- 0.223142 @ 95% CL
Done in 0.01 min (cpu), 0.53 min (real)
