	CLs = 0.0541647 +/- 0.0144573
	CLs = 0.0396552 +/- 0.00844334
	CLs = 0.041349 +/- 0.00704046
	CLs = 0.0420405 +/- 0.00627934
	CLs = 0.0415023 +/- 0.00563202
	CLs = 0.0383065 +/- 0.00493576
	CLs      = 0.0383065 +/- 0.00493576
	CLb      = 0.552632 +/- 0.0180361
	CLsplusb = 0.0211694 +/- 0.00263871


 -- HybridNew, before fit -- 
Limit: r < 13.1548 +/- 10 [9.86611, 13.5826]
Fit to 4 points: 12.112 +/- 0.324279

 -- Hybrid New -- 
Limit: r < 12.112 +/- 0.324279 @ 95% CL
Done in 0.01 min (cpu), 0.56 min (real)
