	CLs = 0.0453629 +/- 0.0135033
	CLs = 0.0392857 +/- 0.00856727
	CLs = 0.0407562 +/- 0.00704128
	CLs = 0.0402948 +/- 0.00607092
	CLs = 0.0405749 +/- 0.00549661
	CLs = 0.0402914 +/- 0.00499585
	CLs      = 0.0402914 +/- 0.00499585
	CLb      = 0.567105 +/- 0.0179728
	CLsplusb = 0.0228495 +/- 0.00273906


 -- HybridNew, before fit -- 
Limit: r < 6.3065 +/- 0.815137 [5.92432, 7.22988]
Fit to 5 points: 6.23508 +/- 0.0809436

 -- Hybrid New -- 
Limit: r < 6.23508 +/- 0.0809436 @ 95% CL
Done in 0.01 min (cpu), 0.49 min (real)
