	CLs = 0.0748848 +/- 0.0149801
	CLs = 0.0685714 +/- 0.0100563
	CLs = 0.0648407 +/- 0.00798038
	CLs = 0.0643828 +/- 0.00679421
	CLs = 0.0657095 +/- 0.00621721
	CLs = 0.0613658 +/- 0.00545049
	CLs = 0.0601317 +/- 0.00496585
	CLs      = 0.0601317 +/- 0.00496585
	CLb      = 0.718468 +/- 0.0150925
	CLsplusb = 0.0432028 +/- 0.00345045


 -- Hybrid New -- 
Limit: r < 8.92183 +/- 0.293009 @ 95% CL
Done in 0.00 min (cpu), 0.15 min (real)
