	CLs = 0.049041 +/- 0.0129593
	CLs = 0.0482456 +/- 0.00850966
	CLs = 0.046392 +/- 0.00685774
	CLs = 0.0452586 +/- 0.00581612
	CLs = 0.0496819 +/- 0.00545885
	CLs = 0.0492408 +/- 0.00493453
	CLs      = 0.0492408 +/- 0.00493453
	CLb      = 0.696053 +/- 0.0166845
	CLsplusb = 0.0342742 +/- 0.00333499


 -- HybridNew, before fit -- 
Limit: r < 8.13796 +/- 0.566325 [7.89556, 8.60347]
Fit to 4 points: 8.31776 +/- 0.0639676

 -- Hybrid New -- 
Limit: r < 8.31776 +/- 0.0639676 @ 95% CL
Done in 0.01 min (cpu), 0.49 min (real)
