	CLs = 0.0395894 +/- 0.0136537
	CLs = 0.0504808 +/- 0.0115329
	CLs = 0.0555914 +/- 0.0101958
	CLs = 0.0547146 +/- 0.00889842
	CLs = 0.0487777 +/- 0.00728879
	CLs = 0.0449666 +/- 0.00644426
	CLs = 0.0414157 +/- 0.00570435
	CLs = 0.03949 +/- 0.00520615
	CLs = 0.0396882 +/- 0.00492517
	CLs      = 0.0396882 +/- 0.00492517
	CLb      = 0.395105 +/- 0.0144538
	CLsplusb = 0.015681 +/- 0.00185949


 -- HybridNew, before fit -- 
Limit: r < 9.19964 +/- 5 [8.91215, 9.59982]
Fit to 3 points: 9.27006 +/- 0.0767747

 -- Hybrid New -- 
Limit: r < 9.27006 +/- 0.0767747 @ 95% CL
Done in 0.02 min (cpu), 0.94 min (real)
