	CLs = 0.0448029 +/- 0.01174
	CLs = 0.0547337 +/- 0.00914297
	CLs = 0.0523497 +/- 0.00738172
	CLs = 0.0468156 +/- 0.00609079
	CLs = 0.0468953 +/- 0.00546761
	CLs = 0.0472729 +/- 0.00500955
	CLs = 0.0468602 +/- 0.00460185
	CLs      = 0.0468602 +/- 0.00460185
	CLb      = 0.657658 +/- 0.015923
	CLsplusb = 0.030818 +/- 0.00293302


 -- HybridNew, before fit -- 
Limit: r < 13.6181 +/- 7.34588 [11.9159, 14.6918]
Fit to 5 points: 13.5004 +/- 0.209845

 -- Hybrid New -- 
Limit: r < 13.5004 +/- 0.209845 @ 95% CL
Done in 0.01 min (cpu), 0.58 min (real)
