	CLs = 0.0392328 +/- 0.0115385
	CLs = 0.0455975 +/- 0.00861922
	CLs = 0.0437728 +/- 0.0066863
	CLs = 0.0408788 +/- 0.00552129
	CLs = 0.0391175 +/- 0.00478733
	CLs      = 0.0391175 +/- 0.00478733
	CLb      = 0.700949 +/- 0.018212
	CLsplusb = 0.0274194 +/- 0.00327918


 -- Hybrid New -- 
Limit: r < 6.41403 +/- 0.18655 @ 95% CL
Done in 0.00 min (cpu), 0.12 min (real)
