	CLs = 0.0739247 +/- 0.0163629
	CLs = 0.0648734 +/- 0.0103958
	CLs = 0.0662288 +/- 0.00839964
	CLs = 0.0701543 +/- 0.00733947
	CLs = 0.069187 +/- 0.00641997
	CLs = 0.066103 +/- 0.00568817
	CLs = 0.0672191 +/- 0.00532941
	CLs      = 0.0672191 +/- 0.00532941
	CLb      = 0.702703 +/- 0.0153382
	CLsplusb = 0.047235 +/- 0.00360027


 -- Hybrid New -- 
Limit: r < 8.40064 +/- 0.411195 @ 95% CL
Done in 0.01 min (cpu), 0.17 min (real)
