	CLs = 0.0598043 +/- 0.012874
	CLs = 0.0539773 +/- 0.00886235
	CLs = 0.0576475 +/- 0.00754661
	CLs = 0.0526565 +/- 0.00619167
	CLs = 0.0517641 +/- 0.00548691
	CLs = 0.0503158 +/- 0.00494041
	CLs      = 0.0503158 +/- 0.00494041
	CLb      = 0.707895 +/- 0.0164948
	CLsplusb = 0.0356183 +/- 0.00339738


 -- HybridNew, before fit -- 
Limit: r < 6.30509 +/- 5 [6.10806, 7.22882]
Fit to 4 points: 6.5747 +/- 0.0976442

 -- Hybrid New -- 
Limit: r < 6.5747 +/- 0.0976442 @ 95% CL
Done in 0.01 min (cpu), 0.49 min (real)
