	CLs = 0.0441998 +/- 0.0100692
	CLs = 0.0519324 +/- 0.00788388
	CLs = 0.0536756 +/- 0.00664385
	CLs = 0.0536427 +/- 0.00573583
	CLs = 0.0521485 +/- 0.00505032
	CLs = 0.0514872 +/- 0.00459394
	CLs      = 0.0514872 +/- 0.00459394
	CLb      = 0.815789 +/- 0.0140618
	CLsplusb = 0.0420027 +/- 0.00367709


 -- HybridNew, before fit -- 
Limit: r < 36.1767 +/- 20.1703 [33.9157, 40.3406]
Fit to 6 points: 37.1654 +/- 0.430272

 -- Hybrid New -- 
Limit: r < 37.1654 +/- 0.430272 @ 95% CL
Done in 0.01 min (cpu), 0.44 min (real)
