	CLs = 0.0268817 +/- 0.0123736
	CLs = 0.0421053 +/- 0.0109786
	CLs = 0.0365733 +/- 0.00807118
	CLs = 0.0394613 +/- 0.00723512
	CLs = 0.0398185 +/- 0.00653325
	CLs = 0.0446289 +/- 0.0063277
	CLs = 0.0414557 +/- 0.0056053
	CLs = 0.0409181 +/- 0.00522993
	CLs = 0.0397195 +/- 0.0048196
	CLs      = 0.0397195 +/- 0.0048196
	CLb      = 0.411713 +/- 0.0145505
	CLsplusb = 0.016353 +/- 0.00189827


 -- HybridNew, before fit -- 
Limit: r < 11.1971 +/- 10 [9.79746, 11.7473]
Fit to 4 points: 10.8078 +/- 0.1989

 -- Hybrid New -- 
Limit: r < 10.8078 +/- 0.1989 @ 95% CL
Done in 0.02 min (cpu), 0.80 min (real)
