	CLs = 0.0477056 +/- 0.013079
	CLs = 0.0459559 +/- 0.00945314
	CLs = 0.0495467 +/- 0.00807632
	CLs = 0.0442974 +/- 0.00649206
	CLs = 0.047002 +/- 0.00604141
	CLs = 0.0457302 +/- 0.00534491
	CLs = 0.0458535 +/- 0.00495748
	CLs      = 0.0458535 +/- 0.00495748
	CLb      = 0.565315 +/- 0.0166351
	CLsplusb = 0.0259217 +/- 0.00269674


 -- HybridNew, before fit -- 
Limit: r < 7.73956 +/- 0.543538 [7.28231, 8.30467]
Fit to 5 points: 7.65677 +/- 0.0781904

 -- Hybrid New -- 
Limit: r < 7.65677 +/- 0.0781904 @ 95% CL
Done in 0.01 min (cpu), 0.57 min (real)
