	CLs = 0.0365716 +/- 0.0102271
	CLs = 0.0543478 +/- 0.00866067
	CLs = 0.0528674 +/- 0.00692616
	CLs = 0.0532005 +/- 0.00597876
	CLs = 0.0521261 +/- 0.00525973
	CLs = 0.0508147 +/- 0.00471123
	CLs      = 0.0508147 +/- 0.00471123
	CLb      = 0.773684 +/- 0.0151786
	CLsplusb = 0.0393145 +/- 0.00356247


 -- HybridNew, before fit -- 
Limit: r < 12.1437 +/- 1 [11.6078, 12.8578]
Fit to 4 points: 12.3112 +/- 0.138612

 -- Hybrid New -- 
Limit: r < 12.3112 +/- 0.138612 @ 95% CL
Done in 0.01 min (cpu), 0.46 min (real)
