	CLs = 0.041816 +/- 0.0113309
	CLs = 0.0414013 +/- 0.00825856
	CLs = 0.0365458 +/- 0.00626332
	CLs = 0.0366173 +/- 0.00535015
	CLs = 0.0423708 +/- 0.00517494
	CLs = 0.0417149 +/- 0.00467045
	CLs      = 0.0417149 +/- 0.00467045
	CLb      = 0.660526 +/- 0.0171768
	CLsplusb = 0.0275538 +/- 0.00300059


 -- HybridNew, before fit -- 
Limit: r < 15.0387 +/- 10 [13.1589, 17.5193]
Fit to 5 points: 15.006 +/- 0.335237

 -- Hybrid New -- 
Limit: r < 15.006 +/- 0.335237 @ 95% CL
Done in 0.01 min (cpu), 0.55 min (real)
