	CLs = 0.0490884 +/- 0.0134946
	CLs = 0.0574074 +/- 0.0106823
	CLs = 0.0467054 +/- 0.0076814
	CLs = 0.0439844 +/- 0.00644241
	CLs = 0.0411717 +/- 0.00553011
	CLs = 0.0429662 +/- 0.00522748
	CLs = 0.0454105 +/- 0.00499947
	CLs      = 0.0454105 +/- 0.00499947
	CLb      = 0.551802 +/- 0.0166886
	CLsplusb = 0.0250576 +/- 0.00265259


 -- HybridNew, before fit -- 
Limit: r < 9.0876 +/- 6.5364 [8.51963, 11.0802]
Fit to 5 points: 9.15481 +/- 0.167553

 -- Hybrid New -- 
Limit: r < 9.15481 +/- 0.167553 @ 95% CL
Done in 0.02 min (cpu), 0.81 min (real)
