	CLs = 0.064312 +/- 0.0143702
	CLs = 0.069697 +/- 0.0105146
	CLs = 0.0643916 +/- 0.00806333
	CLs = 0.062959 +/- 0.00690302
	CLs = 0.0635583 +/- 0.00632832
	CLs = 0.0662653 +/- 0.00594046
	CLs = 0.066777 +/- 0.00551802
	CLs      = 0.066777 +/- 0.00551802
	CLb      = 0.65991 +/- 0.0158976
	CLsplusb = 0.0440668 +/- 0.00348321


 -- Hybrid New -- 
Limit: r < 10.6619 +/- 0.363156 @ 95% CL
Done in 0.01 min (cpu), 0.21 min (real)
