	CLs = 0.0462124 +/- 0.0112923
	CLs = 0.0508242 +/- 0.00842536
	CLs = 0.0528435 +/- 0.00721706
	CLs = 0.057571 +/- 0.00652478
	CLs = 0.0635639 +/- 0.00618798
	CLs = 0.0626395 +/- 0.00557713
	CLs = 0.0627964 +/- 0.0051914
	CLs = 0.0622038 +/- 0.00481432
	CLs      = 0.0622038 +/- 0.00481432
	CLb      = 0.69685 +/- 0.0144195
	CLsplusb = 0.0433468 +/- 0.00323273


 -- Hybrid New -- 
Limit: r < 16.7942 +/- 0.821892 @ 95% CL
Done in 0.00 min (cpu), 0.12 min (real)
