	CLs = 0.0700935 +/- 0.0123918
	CLs = 0.0725446 +/- 0.00882799
	CLs = 0.0770662 +/- 0.00739848
	CLs      = 0.0770662 +/- 0.00739848
	CLb      = 0.906915 +/- 0.0149841
	CLsplusb = 0.0698925 +/- 0.00660968


 -- Hybrid New -- 
Limit: r < 36.6699 +/- 0.978666 @ 95% CL
Done in 0.00 min (cpu), 0.11 min (real)
