	CLs = 0.0563733 +/- 0.0114183
	CLs = 0.0525701 +/- 0.00777163
	CLs = 0.0555445 +/- 0.00653654
	CLs = 0.0563857 +/- 0.00574321
	CLs = 0.0628761 +/- 0.00543048
	CLs = 0.0660319 +/- 0.00508485
	CLs      = 0.0660319 +/- 0.00508485
	CLb      = 0.844737 +/- 0.0131368
	CLsplusb = 0.0557796 +/- 0.00420686


 -- Hybrid New -- 
Limit: r < 34.069 +/- 1.45081 @ 95% CL
Done in 0.00 min (cpu), 0.12 min (real)
