	CLs = 0.058906 +/- 0.0108714
	CLs = 0.0679916 +/- 0.00819529
	CLs = 0.0720966 +/- 0.00689539
	CLs      = 0.0720966 +/- 0.00689539
	CLb      = 0.960106 +/- 0.0100929
	CLsplusb = 0.0692204 +/- 0.0065802


 -- Hybrid New -- 
Limit: r < 33.2944 +/- 1.54619 @ 95% CL
Done in 0.00 min (cpu), 0.10 min (real)
