	CLs = 0.0741415 +/- 0.0179188
	CLs = 0.0813492 +/- 0.0134378
	CLs = 0.083361 +/- 0.0110112
	CLs      = 0.083361 +/- 0.0110112
	CLb      = 0.515957 +/- 0.0257724
	CLsplusb = 0.0430108 +/- 0.00525945


 -- Hybrid New -- 
Limit: r < 8.79141 +/- 0.349352 @ 95% CL
Done in 0.00 min (cpu), 0.09 min (real)
