	CLs = 0.0411805 +/- 0.0103189
	CLs = 0.0364583 +/- 0.00690616
	CLs = 0.0350956 +/- 0.00556468
	CLs = 0.0359103 +/- 0.00490385
	CLs      = 0.0359103 +/- 0.00490385
	CLb      = 0.757937 +/- 0.0190794
	CLsplusb = 0.0272177 +/- 0.00365311


 -- Hybrid New -- 
Limit: r < 12.534 +/- 0.324841 @ 95% CL
Done in 0.00 min (cpu), 0.10 min (real)
