	CLs = 0.0365716 +/- 0.0102271
	CLs = 0.0463483 +/- 0.00814474
	CLs = 0.0526434 +/- 0.00718694
	CLs = 0.0503747 +/- 0.00609313
	CLs = 0.0486771 +/- 0.00533817
	CLs = 0.0473797 +/- 0.00478593
	CLs      = 0.0473797 +/- 0.00478593
	CLb      = 0.709211 +/- 0.0164729
	CLsplusb = 0.0336022 +/- 0.00330328


 -- HybridNew, before fit -- 
Limit: r < 17.0947 +/- 11.6457 [16.5605, 23.2914]
Fit to 5 points: 18.6964 +/- 0.40608

 -- Hybrid New -- 
Limit: r < 18.6964 +/- 0.40608 @ 95% CL
Done in 0.01 min (cpu), 0.43 min (real)
