	CLs = 0.0826868 +/- 0.0164016
	CLs = 0.072327 +/- 0.0109661
	CLs = 0.0756998 +/- 0.00926273
	CLs = 0.0754158 +/- 0.00796812
	CLs      = 0.0754158 +/- 0.00796812
	CLb      = 0.634921 +/- 0.0214456
	CLsplusb = 0.0478831 +/- 0.00479364


 -- Hybrid New -- 
Limit: r < 14.4663 +/- 0.377264 @ 95% CL
Done in 0.01 min (cpu), 0.15 min (real)
