	CLs = 0.0523104 +/- 0.0134045
	CLs = 0.0522876 +/- 0.00946183
	CLs = 0.043059 +/- 0.00713643
	CLs = 0.0414747 +/- 0.00611615
	CLs = 0.0466508 +/- 0.00584013
	CLs = 0.0462166 +/- 0.00536767
	CLs = 0.046594 +/- 0.00498264
	CLs      = 0.046594 +/- 0.00498264
	CLb      = 0.568694 +/- 0.0166198
	CLsplusb = 0.0264977 +/- 0.00272573


 -- HybridNew, before fit -- 
Limit: r < 10.6475 +/- 6.16935 [9.31658, 11.4931]
Fit to 5 points: 10.3942 +/- 0.161561

 -- Hybrid New -- 
Limit: r < 10.3942 +/- 0.161561 @ 95% CL
Done in 0.01 min (cpu), 0.59 min (real)
