	CLs = 0.0473894 +/- 0.0108677
	CLs = 0.0492021 +/- 0.0081304
	CLs = 0.0529094 +/- 0.00700323
	CLs = 0.0484205 +/- 0.00588404
	CLs = 0.0478892 +/- 0.00528007
	CLs = 0.0467387 +/- 0.00479937
	CLs      = 0.0467387 +/- 0.00479937
	CLb      = 0.697368 +/- 0.0166641
	CLsplusb = 0.0325941 +/- 0.00325505


 -- HybridNew, before fit -- 
Limit: r < 7.46426 +/- 4.28052 [6.99775, 8.01266]
Fit to 5 points: 7.47885 +/- 0.0966342

 -- Hybrid New -- 
Limit: r < 7.47885 +/- 0.0966342 @ 95% CL
Done in 0.01 min (cpu), 0.63 min (real)
