	CLs = 0.0460829 +/- 0.0116632
	CLs = 0.0465116 +/- 0.00832332
	CLs = 0.048308 +/- 0.00675892
	CLs = 0.0477608 +/- 0.00579648
	CLs = 0.0454278 +/- 0.00505526
	CLs = 0.0446333 +/- 0.00456468
	CLs      = 0.0446333 +/- 0.00456468
	CLb      = 0.730263 +/- 0.0160992
	CLsplusb = 0.0325941 +/- 0.00325505


 -- HybridNew, before fit -- 
Limit: r < 14.6789 +/- 10 [14.2202, 17.3395]
Fit to 4 points: 15.3832 +/- 0.217001

 -- Hybrid New -- 
Limit: r < 15.3832 +/- 0.217001 @ 95% CL
Done in 0.01 min (cpu), 0.51 min (real)
