	CLs = 0.043494 +/- 0.0109503
	CLs = 0.051105 +/- 0.00847658
	CLs = 0.0492832 +/- 0.00668442
	CLs = 0.0504085 +/- 0.00580917
	CLs = 0.0543011 +/- 0.00543694
	CLs = 0.0545335 +/- 0.00494255
	CLs      = 0.0545335 +/- 0.00494255
	CLb      = 0.757895 +/- 0.0155382
	CLsplusb = 0.0413306 +/- 0.00364883


 -- HybridNew, before fit -- 
Limit: r < 17.5479 +/- 0.93607 [16.6758, 19.016]
Fit to 4 points: 18.2464 +/- 0.223368

 -- Hybrid New -- 
Limit: r < 18.2464 +/- 0.223368 @ 95% CL
Done in 0.01 min (cpu), 0.37 min (real)
