	CLs = 0.044665 +/- 0.0132775
	CLs = 0.044964 +/- 0.00923175
	CLs = 0.0431419 +/- 0.00748706
	CLs = 0.044665 +/- 0.00662612
	CLs = 0.0440643 +/- 0.00583965
	CLs = 0.0419459 +/- 0.00521708
	CLs = 0.0413029 +/- 0.00479483
	CLs      = 0.0413029 +/- 0.00479483
	CLb      = 0.543919 +/- 0.016714
	CLsplusb = 0.0224654 +/- 0.00251497


 -- HybridNew, before fit -- 
Limit: r < 12.0795 +/- 10 [10.5695, 16.0397]
Fit to 5 points: 12.6773 +/- 0.324202

 -- Hybrid New -- 
Limit: r < 12.6773 +/- 0.324202 @ 95% CL
Done in 0.01 min (cpu), 0.54 min (real)
