	CLs = 0.0500556 +/- 0.0119192
	CLs = 0.0524862 +/- 0.00859241
	CLs = 0.05574 +/- 0.00727007
	CLs = 0.0548879 +/- 0.00628279
	CLs = 0.0551003 +/- 0.0056952
	CLs = 0.0527043 +/- 0.00508679
	CLs = 0.0525479 +/- 0.00470105
	CLs      = 0.0525479 +/- 0.00470105
	CLb      = 0.701577 +/- 0.0153549
	CLsplusb = 0.0368664 +/- 0.00319793


 -- HybridNew, before fit -- 
Limit: r < 10.1553 +/- 7.12575 [9.52055, 11.1793]
Fit to 5 points: 10.1955 +/- 0.164268

 -- Hybrid New -- 
Limit: r < 10.1955 +/- 0.164268 @ 95% CL
Done in 0.01 min (cpu), 0.65 min (real)
