	CLs = 0.083632 +/- 0.0162407
	CLs = 0.0579096 +/- 0.00915625
	CLs = 0.0612863 +/- 0.00769975
	CLs = 0.0528662 +/- 0.00607422
	CLs = 0.0552333 +/- 0.00554026
	CLs = 0.0524557 +/- 0.00495475
	CLs      = 0.0524557 +/- 0.00495475
	CLb      = 0.730263 +/- 0.0160992
	CLsplusb = 0.0383065 +/- 0.00351834


 -- HybridNew, before fit -- 
Limit: r < 12.4586 +/- 10 [12.0692, 13.4013]
Fit to 4 points: 12.8078 +/- 0.14823

 -- Hybrid New -- 
Limit: r < 12.8078 +/- 0.14823 @ 95% CL
Done in 0.01 min (cpu), 0.50 min (real)
