	CLs = 0.0384025 +/- 0.0124748
	CLs = 0.0472441 +/- 0.00996619
	CLs = 0.0444287 +/- 0.00812121
	CLs = 0.0536403 +/- 0.00765457
	CLs = 0.0555723 +/- 0.00689981
	CLs = 0.0541107 +/- 0.00619971
	CLs = 0.0508133 +/- 0.00554412
	CLs = 0.0501388 +/- 0.00510668
	CLs = 0.048773 +/- 0.00471442
	CLs      = 0.048773 +/- 0.00471442
	CLb      = 0.523601 +/- 0.0147663
	CLsplusb = 0.0255376 +/- 0.00236108


 -- HybridNew, before fit -- 
Limit: r < 8.07106 +/- 5 [7.06218, 8.5533]
Fit to 5 points: 7.88949 +/- 0.136993

 -- Hybrid New -- 
Limit: r < 7.88949 +/- 0.136993 @ 95% CL
Done in 0.02 min (cpu), 0.78 min (real)
