	CLs = 0.039446 +/- 0.0102246
	CLs = 0.0425532 +/- 0.0075559
	CLs = 0.047781 +/- 0.00667833
	CLs = 0.0491452 +/- 0.00588125
	CLs = 0.0515278 +/- 0.00542436
	CLs = 0.0488219 +/- 0.00483357
	CLs      = 0.0488219 +/- 0.00483357
	CLb      = 0.715789 +/- 0.0163609
	CLsplusb = 0.0349462 +/- 0.00336635


 -- HybridNew, before fit -- 
Limit: r < 8.0222 +/- 0.527887 [7.36056, 8.51665]
Fit to 5 points: 7.97451 +/- 0.0834898

 -- Hybrid New -- 
Limit: r < 7.97451 +/- 0.0834898 @ 95% CL
Done in 0.01 min (cpu), 0.47 min (real)
