	CLs = 0.0523778 +/- 0.0114249
	CLs = 0.0473934 +/- 0.0074483
	CLs = 0.0484046 +/- 0.00628594
	CLs = 0.0503096 +/- 0.00558017
	CLs = 0.0529863 +/- 0.00516949
	CLs = 0.0515826 +/- 0.00467116
	CLs      = 0.0515826 +/- 0.00467116
	CLb      = 0.794737 +/- 0.0146508
	CLsplusb = 0.0409946 +/- 0.00363461


 -- HybridNew, before fit -- 
Limit: r < 44.4804 +/- 7.917 [42.4477, 48.9204]
Fit to 4 points: 46.514 +/- 0.719259

 -- Hybrid New -- 
Limit: r < 46.514 +/- 0.719259 @ 95% CL
Done in 0.01 min (cpu), 0.48 min (real)
