	CLs = 0.142962 +/- 0.0322344
	CLs = 0.12234 +/- 0.0202277
	CLs      = 0.12234 +/- 0.0202277
	CLb      = 0.379032 +/- 0.0308068
	CLsplusb = 0.046371 +/- 0.00667662


 -- Hybrid New -- 
Limit: r < 8.73862 +/- 0.389732 @ 95% CL
Done in 0.00 min (cpu), 0.06 min (real)
