	CLs = 0.0500556 +/- 0.0119192
	CLs = 0.0497159 +/- 0.00849734
	CLs = 0.052216 +/- 0.00704734
	CLs = 0.0474566 +/- 0.00580543
	CLs = 0.0492102 +/- 0.00543948
	CLs = 0.0500931 +/- 0.0050281
	CLs = 0.0508161 +/- 0.00468291
	CLs      = 0.0508161 +/- 0.00468291
	CLb      = 0.685811 +/- 0.0155773
	CLsplusb = 0.0348502 +/- 0.00311251


 -- HybridNew, before fit -- 
Limit: r < 25.62 +/- 20 [22.4175, 27.4175]
Fit to 5 points: 25.3658 +/- 0.375212

 -- Hybrid New -- 
Limit: r < 25.3658 +/- 0.375212 @ 95% CL
Done in 0.01 min (cpu), 0.57 min (real)
