	CLs = 0.0537634 +/- 0.0138162
	CLs = 0.0522388 +/- 0.0102015
	CLs = 0.0510355 +/- 0.00822682
	CLs = 0.0456185 +/- 0.00655396
	CLs = 0.044382 +/- 0.00577862
	CLs = 0.0458832 +/- 0.00540374
	CLs = 0.0466417 +/- 0.00501889
	CLs = 0.0432695 +/- 0.00449986
	CLs      = 0.0432695 +/- 0.00449986
	CLb      = 0.564961 +/- 0.0155534
	CLsplusb = 0.0244456 +/- 0.00245155


 -- HybridNew, before fit -- 
Limit: r < 10.8028 +/- 10 [8.10209, 11.3776]
Fit to 5 points: 9.97724 +/- 0.27446

 -- Hybrid New -- 
Limit: r < 9.97724 +/- 0.27446 @ 95% CL
Done in 0.01 min (cpu), 0.60 min (real)
