	CLs = 0.041239 +/- 0.0107285
	CLs = 0.0557065 +/- 0.00876997
	CLs = 0.0510659 +/- 0.00673491
	CLs = 0.0494516 +/- 0.00582546
	CLs = 0.0463343 +/- 0.00502392
	CLs = 0.0449606 +/- 0.00452044
	CLs      = 0.0449606 +/- 0.00452044
	CLb      = 0.747368 +/- 0.0157617
	CLsplusb = 0.0336022 +/- 0.00330328


 -- HybridNew, before fit -- 
Limit: r < 6.19034 +/- 0.329164 [6.02226, 6.84517]
Fit to 4 points: 6.28002 +/- 0.101306

 -- Hybrid New -- 
Limit: r < 6.28002 +/- 0.101306 @ 95% CL
Done in 0.01 min (cpu), 0.45 min (real)
