	CLs = 0.0451967 +/- 0.0110212
	CLs = 0.0563187 +/- 0.00887702
	CLs = 0.0595099 +/- 0.00745091
	CLs = 0.056299 +/- 0.00627164
	CLs = 0.0539082 +/- 0.00545839
	CLs = 0.0531471 +/- 0.00492477
	CLs      = 0.0531471 +/- 0.00492477
	CLb      = 0.746053 +/- 0.0157888
	CLsplusb = 0.0396505 +/- 0.00357703


 -- HybridNew, before fit -- 
Limit: r < 16.3912 +/- 0.939872 [15.8459, 18.1956]
Fit to 4 points: 16.977 +/- 0.259141

 -- Hybrid New -- 
Limit: r < 16.977 +/- 0.259141 @ 95% CL
Done in 0.01 min (cpu), 0.41 min (real)
