	CLs = 0.0272177 +/- 0.00915996
	CLs = 0.033237 +/- 0.00698912
	CLs = 0.0334888 +/- 0.00589512
	CLs = 0.0381048 +/- 0.00539703
	CLs = 0.0433898 +/- 0.0052243
	CLs = 0.0409421 +/- 0.0046415
	CLs      = 0.0409421 +/- 0.0046415
	CLb      = 0.656579 +/- 0.0172246
	CLsplusb = 0.0268817 +/- 0.0029648


 -- HybridNew, before fit -- 
Limit: r < 12.8792 +/- 7.56869 [11.2693, 14.0083]
Fit to 5 points: 12.5976 +/- 0.229309

 -- Hybrid New -- 
Limit: r < 12.5976 +/- 0.229309 @ 95% CL
Done in 0.01 min (cpu), 0.58 min (real)
