	CLs = 0.0426945 +/- 0.0126429
	CLs = 0.042517 +/- 0.00868871
	CLs = 0.0404739 +/- 0.00677552
	CLs = 0.0417704 +/- 0.00609271
	CLs = 0.0417881 +/- 0.00546388
	CLs = 0.0421877 +/- 0.00497103
	CLs      = 0.0421877 +/- 0.00497103
	CLb      = 0.597368 +/- 0.0177897
	CLsplusb = 0.0252016 +/- 0.00287313


 -- HybridNew, before fit -- 
Limit: r < 6.47073 +/- 0.5 [6.10305, 6.98537]
Fit to 5 points: 6.49518 +/- 0.0692021

 -- Hybrid New -- 
Limit: r < 6.49518 +/- 0.0692021 @ 95% CL
Done in 0.02 min (cpu), 0.70 min (real)
