	CLs = 0.0647037 +/- 0.0136886
	CLs = 0.0782123 +/- 0.0106102
	CLs = 0.082418 +/- 0.00873849
	CLs      = 0.082418 +/- 0.00873849
	CLb      = 0.742021 +/- 0.0225635
	CLsplusb = 0.0611559 +/- 0.00621176


 -- Hybrid New -- 
Limit: r < 13.0703 +/- 0.408581 @ 95% CL
Done in 0.00 min (cpu), 0.08 min (real)
