	CLs = 0.0617708 +/- 0.0126525
	CLs = 0.0611702 +/- 0.00907671
	CLs = 0.0668625 +/- 0.00765037
	CLs = 0.0630208 +/- 0.00642029
	CLs = 0.0634475 +/- 0.00579306
	CLs = 0.0690446 +/- 0.00556293
	CLs      = 0.0690446 +/- 0.00556293
	CLb      = 0.759211 +/- 0.0155093
	CLsplusb = 0.0524194 +/- 0.00408543


 -- Hybrid New -- 
Limit: r < 17.035 +/- 0.835111 @ 95% CL
Done in 0.00 min (cpu), 0.10 min (real)
