	CLs = 0.0549853 +/- 0.0146996
	CLs = 0.0492958 +/- 0.00957357
	CLs = 0.0576914 +/- 0.00840684
	CLs = 0.0584186 +/- 0.00742345
	CLs = 0.0567847 +/- 0.00645625
	CLs = 0.0553898 +/- 0.00585081
	CLs = 0.052053 +/- 0.00524631
	CLs = 0.0519895 +/- 0.00487403
	CLs      = 0.0519895 +/- 0.00487403
	CLb      = 0.581693 +/- 0.0154756
	CLsplusb = 0.0302419 +/- 0.00271863


 -- HybridNew, before fit -- 
Limit: r < 6.95153 +/- 5 [6.51706, 7.33259]
Fit to 5 points: 7.03645 +/- 0.0858344

 -- Hybrid New -- 
Limit: r < 7.03645 +/- 0.0858344 @ 95% CL
Done in 0.02 min (cpu), 0.72 min (real)
