	CLs = 0.0573005 +/- 0.013843
	CLs = 0.0540123 +/- 0.00930894
	CLs = 0.0551131 +/- 0.00772596
	CLs = 0.0479751 +/- 0.00625542
	CLs = 0.0455295 +/- 0.00546065
	CLs = 0.0454921 +/- 0.00492832
	CLs      = 0.0454921 +/- 0.00492832
	CLb      = 0.65 +/- 0.0173015
	CLsplusb = 0.0295699 +/- 0.00310521


 -- HybridNew, before fit -- 
Limit: r < 13.8759 +/- 7.49844 [13.0087, 14.9969]
Fit to 5 points: 13.9447 +/- 0.197171

 -- Hybrid New -- 
Limit: r < 13.9447 +/- 0.197171 @ 95% CL
Done in 0.02 min (cpu), 0.74 min (real)
