	CLs = 0.0667408 +/- 0.0138093
	CLs = 0.0764706 +/- 0.0108342
	CLs = 0.0698088 +/- 0.00844771
	CLs = 0.0654095 +/- 0.00720508
	CLs = 0.0617969 +/- 0.00613248
	CLs = 0.0596857 +/- 0.00548998
	CLs = 0.0593068 +/- 0.00501155
	CLs = 0.0601189 +/- 0.00473462
	CLs      = 0.0601189 +/- 0.00473462
	CLb      = 0.695866 +/- 0.0144327
	CLsplusb = 0.0418347 +/- 0.00317836


 -- Hybrid New -- 
Limit: r < 8.59715 +/- 0.397172 @ 95% CL
Done in 0.00 min (cpu), 0.13 min (real)
