	CLs = 0.0235215 +/- 0.00899975
	CLs = 0.0410714 +/- 0.00876861
	CLs = 0.0468398 +/- 0.00781848
	CLs = 0.0464462 +/- 0.00683428
	CLs = 0.0447898 +/- 0.00605677
	CLs = 0.0462544 +/- 0.00566191
	CLs = 0.0436265 +/- 0.00501573
	CLs = 0.0435522 +/- 0.00469514
	CLs      = 0.0435522 +/- 0.00469514
	CLb      = 0.526575 +/- 0.0156642
	CLsplusb = 0.0229335 +/- 0.00237635


 -- HybridNew, before fit -- 
Limit: r < 10 +/- 10 [8.75, 11.25]
Fit to 5 points: 10.0249 +/- 0.199419

 -- Hybrid New -- 
Limit: r < 10.0249 +/- 0.199419 @ 95% CL
Done in 0.01 min (cpu), 0.69 min (real)
