	CLs = 0.0504032 +/- 0.0112781
	CLs = 0.040201 +/- 0.00710487
	CLs = 0.0398981 +/- 0.00575297
	CLs = 0.0395573 +/- 0.00493595
	CLs      = 0.0395573 +/- 0.00493595
	CLb      = 0.815476 +/- 0.0172789
	CLsplusb = 0.0322581 +/- 0.00396669


 -- Hybrid New -- 
Limit: r < 11.1868 +/- 0.345267 @ 95% CL
Done in 0.00 min (cpu), 0.09 min (real)
