	CLs = 0.0439883 +/- 0.0130591
	CLs = 0.0460993 +/- 0.00927884
	CLs = 0.0403352 +/- 0.00707592
	CLs = 0.0377616 +/- 0.00580319
	CLs = 0.0369029 +/- 0.00516833
	CLs = 0.0344328 +/- 0.00452395
	CLs      = 0.0344328 +/- 0.00452395
	CLb      = 0.585526 +/- 0.0178696
	CLsplusb = 0.0201613 +/- 0.00257644


 -- HybridNew, before fit -- 
Limit: r < 7.34235 +/- 0.738981 [6.30509, 7.67456]
Fit to 4 points: 7.14284 +/- 0.0809022

 -- Hybrid New -- 
Limit: r < 7.14284 +/- 0.0809022 @ 95% CL
Done in 0.01 min (cpu), 0.47 min (real)
