	CLs = 0.0514113 +/- 0.012695
	CLs = 0.0523952 +/- 0.00900209
	CLs = 0.0505376 +/- 0.00735113
	CLs = 0.052346 +/- 0.00646384
	CLs = 0.0542077 +/- 0.0059267
	CLs = 0.0510753 +/- 0.00519569
	CLs = 0.0511521 +/- 0.00476288
	CLs      = 0.0511521 +/- 0.00476288
	CLb      = 0.670045 +/- 0.0157788
	CLsplusb = 0.0342742 +/- 0.0030876


 -- HybridNew, before fit -- 
Limit: r < 11.9438 +/- 10 [10.4508, 12.9508]
Fit to 5 points: 11.9766 +/- 0.214024

 -- Hybrid New -- 
Limit: r < 11.9766 +/- 0.214024 @ 95% CL
Done in 0.01 min (cpu), 0.61 min (real)
