	CLs = 0.0648041 +/- 0.0176494
	CLs = 0.0664062 +/- 0.0119132
	CLs = 0.0612956 +/- 0.0090972
	CLs = 0.0508065 +/- 0.00692246
	CLs = 0.0504077 +/- 0.00610133
	CLs = 0.0472476 +/- 0.00545875
	CLs = 0.0496327 +/- 0.00515085
	CLs = 0.0466755 +/- 0.00467307
	CLs      = 0.0466755 +/- 0.00467307
	CLb      = 0.566929 +/- 0.0155452
	CLsplusb = 0.0264617 +/- 0.002548


 -- HybridNew, before fit -- 
Limit: r < 12.2414 +/- 7.46258 [9.18103, 13.5833]
Fit to 5 points: 11.6443 +/- 0.328689

 -- Hybrid New -- 
Limit: r < 11.6443 +/- 0.328689 @ 95% CL
Done in 0.01 min (cpu), 0.45 min (real)
