	CLs = 0.0298277 +/- 0.0100913
	CLs = 0.0416667 +/- 0.00850106
	CLs = 0.0370918 +/- 0.0066874
	CLs = 0.0376669 +/- 0.00586152
	CLs = 0.0358152 +/- 0.00505844
	CLs = 0.0339351 +/- 0.00449555
	CLs      = 0.0339351 +/- 0.00449555
	CLb      = 0.584211 +/- 0.0178778
	CLsplusb = 0.0198253 +/- 0.00255532


 -- HybridNew, before fit -- 
Limit: r < 7.6096 +/- 5 [6.6584, 7.9084]
Fit to 4 points: 7.31263 +/- 0.0967317

 -- Hybrid New -- 
Limit: r < 7.31263 +/- 0.0967317 @ 95% CL
Done in 0.01 min (cpu), 0.55 min (real)
