	CLs = 0.0460829 +/- 0.0137368
	CLs = 0.05 +/- 0.00992524
	CLs = 0.0413275 +/- 0.00714771
	CLs = 0.0400188 +/- 0.0060262
	CLs = 0.0413435 +/- 0.00540123
	CLs = 0.0446909 +/- 0.00521332
	CLs = 0.0466825 +/- 0.00493288
	CLs      = 0.0466825 +/- 0.00493288
	CLb      = 0.579955 +/- 0.016563
	CLsplusb = 0.0270737 +/- 0.00275438


 -- HybridNew, before fit -- 
Limit: r < 7.34119 +/- 0.609694 [6.95153, 8.0059]
Fit to 5 points: 7.27951 +/- 0.10845

 -- Hybrid New -- 
Limit: r < 7.27951 +/- 0.10845 @ 95% CL
Done in 0.01 min (cpu), 0.58 min (real)
