	CLs = 0.0528365 +/- 0.0122526
	CLs = 0.0472222 +/- 0.00816917
	CLs = 0.0456116 +/- 0.00649521
	CLs = 0.0477608 +/- 0.00579648
	CLs = 0.0465895 +/- 0.00515973
	CLs = 0.0484017 +/- 0.00476137
	CLs      = 0.0484017 +/- 0.00476137
	CLb      = 0.728947 +/- 0.0161238
	CLsplusb = 0.0352823 +/- 0.00338191


 -- HybridNew, before fit -- 
Limit: r < 26.3096 +/- 20 [23.0209, 28.0209]
Fit to 5 points: 25.4991 +/- 0.524787

 -- Hybrid New -- 
Limit: r < 25.4991 +/- 0.524787 @ 95% CL
Done in 0.01 min (cpu), 0.64 min (real)
