	CLs = 0.0388292 +/- 0.0109081
	CLs = 0.0419075 +/- 0.00786509
	CLs = 0.0410269 +/- 0.00623361
	CLs = 0.0440882 +/- 0.00560106
	CLs = 0.0455069 +/- 0.00513778
	CLs = 0.0439002 +/- 0.00459367
	CLs      = 0.0439002 +/- 0.00459367
	CLb      = 0.711842 +/- 0.0164286
	CLsplusb = 0.03125 +/- 0.00318944


 -- HybridNew, before fit -- 
Limit: r < 7.94527 +/- 5 [7.69698, 8.97264]
Fit to 4 points: 8.04321 +/- 0.100181

 -- Hybrid New -- 
Limit: r < 8.04321 +/- 0.100181 @ 95% CL
Done in 0.01 min (cpu), 0.52 min (real)
