	CLs = 0.0669183 +/- 0.0131729
	CLs = 0.0593923 +/- 0.0091511
	CLs = 0.0584577 +/- 0.00751557
	CLs = 0.0587843 +/- 0.00648533
	CLs = 0.063569 +/- 0.00605462
	CLs = 0.0665583 +/- 0.00568239
	CLs = 0.0673691 +/- 0.00528371
	CLs      = 0.0673691 +/- 0.00528371
	CLb      = 0.713964 +/- 0.015165
	CLsplusb = 0.0480991 +/- 0.0036314

Fit to 11 points: 15.9826 +/- 0.696649

 -- Hybrid New -- 
Limit: r < 14.7011 +/- 0.459409 @ 95% CL
Done in 0.03 min (cpu), 1.35 min (real)
