	CLs = 0.0628102 +/- 0.0119674
	CLs = 0.0665138 +/- 0.00861814
	CLs = 0.0624109 +/- 0.00680123
	CLs = 0.0659452 +/- 0.00606725
	CLs = 0.0640528 +/- 0.0053409
	CLs = 0.0648938 +/- 0.00491024
	CLs      = 0.0648938 +/- 0.00491024
	CLb      = 0.880263 +/- 0.0117764
	CLsplusb = 0.0571237 +/- 0.00425421


 -- Hybrid New -- 
Limit: r < 46.3871 +/- 1.47358 @ 95% CL
Done in 0.01 min (cpu), 0.15 min (real)
