	CLs = 0.0430844 +/- 0.0122068
	CLs = 0.0445205 +/- 0.00893417
	CLs = 0.0411353 +/- 0.00711188
	CLs = 0.0433299 +/- 0.00619848
	CLs = 0.0445283 +/- 0.00564777
	CLs = 0.0394621 +/- 0.00480749
	CLs      = 0.0394621 +/- 0.00480749
	CLb      = 0.596053 +/- 0.0177991
	CLsplusb = 0.0235215 +/- 0.0027781


 -- HybridNew, before fit -- 
Limit: r < 6.0113 +/- 0.934619 [5.6691, 6.26059]
Fit to 4 points: 5.96851 +/- 0.0811752

 -- Hybrid New -- 
Limit: r < 5.96851 +/- 0.0811752 @ 95% CL
Done in 0.01 min (cpu), 0.61 min (real)
