	CLs = 0.0562641 +/- 0.0127409
	CLs = 0.0646552 +/- 0.0097903
	CLs = 0.0619619 +/- 0.00786813
	CLs = 0.0644232 +/- 0.00698548
	CLs = 0.0625513 +/- 0.00611165
	CLs = 0.0608495 +/- 0.00547591
	CLs = 0.0625101 +/- 0.00512402
	CLs = 0.0613938 +/- 0.00477789
	CLs      = 0.0613938 +/- 0.00477789
	CLb      = 0.697835 +/- 0.0144063
	CLsplusb = 0.0428427 +/- 0.00321473


 -- Hybrid New -- 
Limit: r < 8.76128 +/- 0.145865 @ 95% CL
Done in 0.01 min (cpu), 0.27 min (real)
