	CLs = 0.0384897 +/- 0.0103596
	CLs = 0.037234 +/- 0.00706399
	CLs = 0.0341714 +/- 0.00556719
	CLs = 0.0402565 +/- 0.00532322
	CLs = 0.0449715 +/- 0.00503577
	CLs = 0.0461751 +/- 0.00470834
	CLs      = 0.0461751 +/- 0.00470834
	CLb      = 0.713158 +/- 0.0164062
	CLsplusb = 0.0329301 +/- 0.00327121


 -- HybridNew, before fit -- 
Limit: r < 6.49766 +/- 0.82988 [6.17413, 6.93545]
Fit to 4 points: 6.51533 +/- 0.0750717

 -- Hybrid New -- 
Limit: r < 6.51533 +/- 0.0750717 @ 95% CL
Done in 0.01 min (cpu), 0.47 min (real)
