	CLs = 0.0518433 +/- 0.0137754
	CLs = 0.0483333 +/- 0.00918449
	CLs = 0.0513942 +/- 0.00757764
	CLs = 0.0527237 +/- 0.00662894
	CLs = 0.049465 +/- 0.00566795
	CLs = 0.0485939 +/- 0.00509907
	CLs = 0.0462218 +/- 0.00458291
	CLs      = 0.0462218 +/- 0.00458291
	CLb      = 0.654279 +/- 0.0159602
	CLsplusb = 0.0302419 +/- 0.00290634


 -- HybridNew, before fit -- 
Limit: r < 10.4938 +/- 10 [9.83791, 11.0879]
Fit to 5 points: 10.5018 +/- 0.110824

 -- Hybrid New -- 
Limit: r < 10.5018 +/- 0.110824 @ 95% CL
Done in 0.02 min (cpu), 0.81 min (real)
