	CLs = 0.0403226 +/- 0.0118848
	CLs = 0.037234 +/- 0.00829834
	CLs = 0.0392525 +/- 0.00710598
	CLs = 0.0406074 +/- 0.00635413
	CLs = 0.036512 +/- 0.00533458
	CLs = 0.0347958 +/- 0.00475041
	CLs      = 0.0347958 +/- 0.00475041
	CLb      = 0.540789 +/- 0.0180765
	CLsplusb = 0.0188172 +/- 0.00249078


 -- HybridNew, before fit -- 
Limit: r < 11.3044 +/- 6.07576 [9.89137, 11.728]
Fit to 4 points: 10.4733 +/- 0.177949

 -- Hybrid New -- 
Limit: r < 10.4733 +/- 0.177949 @ 95% CL
Done in 0.01 min (cpu), 0.67 min (real)
