	CLs = 0.0667408 +/- 0.0175811
	CLs = 0.0551471 +/- 0.0104118
	CLs = 0.0438942 +/- 0.00739591
	CLs = 0.0424832 +/- 0.00620502
	CLs = 0.0442577 +/- 0.0057611
	CLs = 0.0411705 +/- 0.00507206
	CLs = 0.0414038 +/- 0.00477371
	CLs      = 0.0414038 +/- 0.00477371
	CLb      = 0.54955 +/- 0.0166963
	CLsplusb = 0.0227535 +/- 0.00253067


 -- HybridNew, before fit -- 
Limit: r < 13.1382 +/- 10.7115 [12.3171, 17.2806]
Fit to 5 points: 13.5979 +/- 0.293143

 -- Hybrid New -- 
Limit: r < 13.5979 +/- 0.293143 @ 95% CL
Done in 0.02 min (cpu), 0.87 min (real)
