	CLs = 0.056926 +/- 0.0129079
	CLs = 0.0531915 +/- 0.00845708
	CLs = 0.0480463 +/- 0.00657165
	CLs = 0.0469189 +/- 0.00563731
	CLs = 0.0494299 +/- 0.00525
	CLs = 0.0517218 +/- 0.0049299
	CLs      = 0.0517218 +/- 0.0049299
	CLb      = 0.727632 +/- 0.0161483
	CLsplusb = 0.0376344 +/- 0.00348856


 -- HybridNew, before fit -- 
Limit: r < 14.2515 +/- 10 [12.4701, 15.6886]
Fit to 5 points: 14.2134 +/- 0.299261

 -- Hybrid New -- 
Limit: r < 14.2134 +/- 0.299261 @ 95% CL
Done in 0.01 min (cpu), 0.40 min (real)
