	CLs = 0.0260546 +/- 0.0100198
	CLs = 0.0326087 +/- 0.00783706
	CLs = 0.0366215 +/- 0.00683485
	CLs = 0.0373309 +/- 0.00595967
	CLs = 0.0442882 +/- 0.00581795
	CLs = 0.0452102 +/- 0.00539766
	CLs = 0.0435002 +/- 0.00489899
	CLs      = 0.0435002 +/- 0.00489899
	CLb      = 0.54955 +/- 0.0166963
	CLsplusb = 0.0239055 +/- 0.00259242


 -- HybridNew, before fit -- 
Limit: r < 6.92935 +/- 5 [6.49627, 7.69701]
Fit to 5 points: 6.87817 +/- 0.136069

 -- Hybrid New -- 
Limit: r < 6.87817 +/- 0.136069 @ 95% CL
Done in 0.02 min (cpu), 0.68 min (real)
