	CLs = 0.0325682 +/- 0.0126865
	CLs = 0.0555556 +/- 0.0124864
	CLs = 0.0514735 +/- 0.00937104
	CLs = 0.0544355 +/- 0.0085198
	CLs = 0.0607692 +/- 0.00815071
	CLs = 0.0626084 +/- 0.00759909
	CLs = 0.0655611 +/- 0.00729815
	CLs = 0.071368 +/- 0.00712989
	CLs = 0.0698425 +/- 0.00659699
	CLs      = 0.0698425 +/- 0.00659699
	CLb      = 0.407343 +/- 0.0145268
	CLsplusb = 0.0284498 +/- 0.00248834


 -- Hybrid New -- 
Limit: r < 8.88795 +/- 0.288112 @ 95% CL
Done in 0.01 min (cpu), 0.17 min (real)
