	CLs = 0.073854 +/- 0.0137495
	CLs = 0.059949 +/- 0.00875713
	CLs = 0.0591033 +/- 0.00712948
	CLs = 0.0647911 +/- 0.00645902
	CLs = 0.0656481 +/- 0.00584117
	CLs = 0.0666576 +/- 0.00538922
	CLs      = 0.0666576 +/- 0.00538922
	CLb      = 0.776316 +/- 0.0151158
	CLsplusb = 0.0517473 +/- 0.00406059


 -- Hybrid New -- 
Limit: r < 12.8816 +/- 0.242366 @ 95% CL
Done in 0.00 min (cpu), 0.15 min (real)
