	CLs = 0.0472069 +/- 0.0119747
	CLs = 0.0511696 +/- 0.00877063
	CLs = 0.0430506 +/- 0.00640155
	CLs = 0.0399996 +/- 0.00533932
	CLs = 0.0424731 +/- 0.00491026
	CLs      = 0.0424731 +/- 0.00491026
	CLb      = 0.721519 +/- 0.0178305
	CLsplusb = 0.0306452 +/- 0.00346096

Fit to 12 points: 6824.67 +/- 24468.4

 -- Hybrid New -- 
Limit: r < 23.6973 +/- 2.03784 @ 95% CL
Done in 0.03 min (cpu), 1.41 min (real)
