	CLs = 0.0387097 +/- 0.0113728
	CLs = 0.041958 +/- 0.00876304
	CLs = 0.0370918 +/- 0.0066874
	CLs = 0.0416011 +/- 0.00620857
	CLs = 0.0427104 +/- 0.00564593
	CLs = 0.0428563 +/- 0.00513304
	CLs = 0.0440617 +/- 0.00483883
	CLs      = 0.0440617 +/- 0.00483883
	CLb      = 0.568694 +/- 0.0166198
	CLsplusb = 0.0250576 +/- 0.00265259


 -- HybridNew, before fit -- 
Limit: r < 11.6913 +/- 1.86924 [10.6538, 13.7685]
Fit to 5 points: 11.9729 +/- 0.298669

 -- Hybrid New -- 
Limit: r < 11.9729 +/- 0.298669 @ 95% CL
Done in 0.01 min (cpu), 0.59 min (real)
