	CLs = 0.0626186 +/- 0.0135566
	CLs = 0.0662983 +/- 0.00967998
	CLs = 0.0703454 +/- 0.00817015
	CLs = 0.0670363 +/- 0.00697175
	CLs = 0.0657827 +/- 0.00609584
	CLs = 0.0698185 +/- 0.00579723
	CLs      = 0.0698185 +/- 0.00579723
	CLb      = 0.717105 +/- 0.0163379
	CLsplusb = 0.0500672 +/- 0.00399767


 -- Hybrid New -- 
Limit: r < 19.4698 +/- 0.353034 @ 95% CL
Done in 0.01 min (cpu), 0.17 min (real)
