	CLs = 0.0851254 +/- 0.0135201
	CLs = 0.076087 +/- 0.00887097
	CLs = 0.0780361 +/- 0.0074578
	CLs      = 0.0780361 +/- 0.0074578
	CLb      = 0.904255 +/- 0.0151743
	CLsplusb = 0.0705645 +/- 0.00663898


 -- Hybrid New -- 
Limit: r < 57.7232 +/- 1.74863 @ 95% CL
Done in 0.00 min (cpu), 0.11 min (real)
