	CLs = 0.0695565 +/- 0.0148579
	CLs = 0.0698758 +/- 0.0106874
	CLs = 0.0605178 +/- 0.00821213
	CLs = 0.0629032 +/- 0.00731058
	CLs = 0.0643282 +/- 0.00645115
	CLs = 0.0630749 +/- 0.00581053
	CLs = 0.0606088 +/- 0.0051992
	CLs = 0.0613607 +/- 0.00491494
	CLs      = 0.0613607 +/- 0.00491494
	CLb      = 0.665354 +/- 0.0148038
	CLsplusb = 0.0408266 +/- 0.00314148


 -- Hybrid New -- 
Limit: r < 8.36053 +/- 0.413798 @ 95% CL
Done in 0.00 min (cpu), 0.14 min (real)
