	CLs = 0.0378024 +/- 0.0122654
	CLs = 0.0447154 +/- 0.00985205
	CLs = 0.0472946 +/- 0.00827147
	CLs = 0.0462812 +/- 0.00713731
	CLs = 0.047729 +/- 0.0066163
	CLs = 0.0442272 +/- 0.00581222
	CLs = 0.0437566 +/- 0.00537334
	CLs = 0.0419575 +/- 0.00490833
	CLs      = 0.0419575 +/- 0.00490833
	CLb      = 0.468504 +/- 0.0156552
	CLsplusb = 0.0196573 +/- 0.00220376


 -- HybridNew, before fit -- 
Limit: r < 6.78563 +/- 5 [5.93743, 7.18743]
Fit to 5 points: 6.5634 +/- 0.09815

 -- Hybrid New -- 
Limit: r < 6.5634 +/- 0.09815 @ 95% CL
Done in 0.02 min (cpu), 0.93 min (real)
