	CLs = 0.0250278 +/- 0.0104267
	CLs = 0.0402542 +/- 0.00953149
	CLs = 0.0342628 +/- 0.00718578
	CLs = 0.0365979 +/- 0.00646042
	CLs = 0.039206 +/- 0.00610384
	CLs = 0.0408305 +/- 0.00569245
	CLs = 0.0405867 +/- 0.00528839
	CLs = 0.0399548 +/- 0.00490095
	CLs      = 0.0399548 +/- 0.00490095
	CLb      = 0.447835 +/- 0.0156008
	CLsplusb = 0.0178931 +/- 0.00210444


 -- HybridNew, before fit -- 
Limit: r < 5.45633 +/- 2.93912 [4.77429, 5.66729]
Fit to 4 points: 5.40235 +/- 0.0710098

 -- Hybrid New -- 
Limit: r < 5.40235 +/- 0.0710098 @ 95% CL
Done in 0.02 min (cpu), 0.74 min (real)
