	CLs = 0.0578541 +/- 0.0185042
	CLs = 0.0400943 +/- 0.0100809
	CLs = 0.0466749 +/- 0.00904103
	CLs = 0.0419277 +/- 0.00747418
	CLs = 0.0395099 +/- 0.00647895
	CLs = 0.0411626 +/- 0.00611176
	CLs = 0.0396747 +/- 0.00549937
	CLs = 0.0416236 +/- 0.0053269
	CLs = 0.0377197 +/- 0.00473713
	CLs      = 0.0377197 +/- 0.00473713
	CLb      = 0.403846 +/- 0.0145069
	CLsplusb = 0.015233 +/- 0.00183315


 -- HybridNew, before fit -- 
Limit: r < 5 +/- 5 [3.75, 5.15625]
Fit to 4 points: 4.64319 +/- 0.107048

 -- Hybrid New -- 
Limit: r < 4.64319 +/- 0.107048 @ 95% CL
Done in 0.01 min (cpu), 0.71 min (real)
