	CLs = 0.0316551 +/- 0.00840054
	CLs = 0.0431818 +/- 0.00693884
	CLs = 0.0388166 +/- 0.00539093
	CLs = 0.0402596 +/- 0.00473431
	CLs      = 0.0402596 +/- 0.00473431
	CLb      = 0.888889 +/- 0.0139987
	CLsplusb = 0.0357863 +/- 0.00417037


 -- Hybrid New -- 
Limit: r < 16.6764 +/- 0.367146 @ 95% CL
Done in 0.00 min (cpu), 0.13 min (real)
