	CLs = 0.041006 +/- 0.0133883
	CLs = 0.0470085 +/- 0.0104017
	CLs = 0.0489074 +/- 0.00844591
	CLs = 0.0493666 +/- 0.00738749
	CLs = 0.0482585 +/- 0.00663104
	CLs = 0.0470061 +/- 0.00594972
	CLs = 0.0487163 +/- 0.00565336
	CLs = 0.0466029 +/- 0.00517902
	CLs = 0.0487012 +/- 0.00497983
	CLs      = 0.0487012 +/- 0.00497983
	CLb      = 0.473776 +/- 0.0147625
	CLsplusb = 0.0230735 +/- 0.00224712


 -- HybridNew, before fit -- 
Limit: r < 5 +/- 5 [4.6875, 5.3125]
Fit to 5 points: 5.03335 +/- 0.0650738

 -- Hybrid New -- 
Limit: r < 5.03335 +/- 0.0650738 @ 95% CL
Done in 0.02 min (cpu), 1.05 min (real)
