	CLs = 0.0551783 +/- 0.0160034
	CLs = 0.0357143 +/- 0.00890616
	CLs = 0.0374867 +/- 0.00742198
	CLs = 0.0372984 +/- 0.00629748
	CLs = 0.040069 +/- 0.00582851
	CLs = 0.0392375 +/- 0.00524984
	CLs = 0.0408986 +/- 0.0049961
	CLs      = 0.0408986 +/- 0.0049961
	CLb      = 0.5 +/- 0.0167789
	CLsplusb = 0.0204493 +/- 0.00240194


 -- HybridNew, before fit -- 
Limit: r < 6.01176 +/- 0.913296 [5.72264, 7.00882]
Fit to 4 points: 6.14842 +/- 0.111476

 -- Hybrid New -- 
Limit: r < 6.14842 +/- 0.111476 @ 95% CL
Done in 0.01 min (cpu), 0.71 min (real)
