	CLs = 0.0640417 +/- 0.0156754
	CLs = 0.0454545 +/- 0.00913786
	CLs = 0.0505376 +/- 0.00781965
	CLs = 0.0570458 +/- 0.00735993
	CLs = 0.0551196 +/- 0.00647755
	CLs = 0.0534788 +/- 0.00584293
	CLs = 0.0517734 +/- 0.00533294
	CLs = 0.0517593 +/- 0.00501884
	CLs = 0.0525583 +/- 0.00477199
	CLs      = 0.0525583 +/- 0.00477199
	CLb      = 0.549825 +/- 0.0147092
	CLsplusb = 0.0288978 +/- 0.00250728


 -- HybridNew, before fit -- 
Limit: r < 13.5206 +/- 10 [13.0981, 16.7603]
Fit to 4 points: 15.0985 +/- 0.417515

 -- Hybrid New -- 
Limit: r < 15.0985 +/- 0.417515 @ 95% CL
Done in 0.01 min (cpu), 0.71 min (real)
