	CLs = 0.0307918 +/- 0.011953
	CLs = 0.030303 +/- 0.00900943
	CLs = 0.0331109 +/- 0.0078492
	CLs = 0.0353876 +/- 0.00691655
	CLs = 0.0345711 +/- 0.00603382
	CLs = 0.0342093 +/- 0.00537851
	CLs = 0.037027 +/- 0.00520823
	CLs = 0.035811 +/- 0.0047726
	CLs      = 0.035811 +/- 0.0047726
	CLb      = 0.422244 +/- 0.0154956
	CLsplusb = 0.015121 +/- 0.00193729


 -- HybridNew, before fit -- 
Limit: r < 5 +/- 5 [4.375, 5.15625]
Fit to 4 points: 4.65531 +/- 0.0765499

 -- Hybrid New -- 
Limit: r < 4.65531 +/- 0.0765499 @ 95% CL
Done in 0.02 min (cpu), 0.76 min (real)
