	CLs = 0.0680444 +/- 0.013107
	CLs = 0.05625 +/- 0.00837764
	CLs = 0.0502029 +/- 0.00647721
	CLs = 0.0540362 +/- 0.0057824
	CLs = 0.0518743 +/- 0.0051089
	CLs = 0.0524062 +/- 0.0046619
	CLs      = 0.0524062 +/- 0.0046619
	CLb      = 0.807895 +/- 0.0142903
	CLsplusb = 0.0423387 +/- 0.00369112


 -- HybridNew, before fit -- 
Limit: r < 30.7764 +/- 17.7979 [28.8528, 33.1861]
Fit to 5 points: 31.2726 +/- 0.444236

 -- Hybrid New -- 
Limit: r < 31.2726 +/- 0.444236 @ 95% CL
Done in 0.01 min (cpu), 0.58 min (real)
