	CLs = 0.0492072 +/- 0.0147567
	CLs = 0.0448718 +/- 0.010146
	CLs = 0.0488624 +/- 0.00857039
	CLs = 0.0425115 +/- 0.00685263
	CLs = 0.0419143 +/- 0.00611776
	CLs = 0.0457285 +/- 0.00587174
	CLs = 0.0480663 +/- 0.00553321
	CLs = 0.0459051 +/- 0.00500068
	CLs = 0.0450639 +/- 0.00467864
	CLs      = 0.0450639 +/- 0.00467864
	CLb      = 0.492133 +/- 0.014781
	CLsplusb = 0.0221774 +/- 0.00220406


 -- HybridNew, before fit -- 
Limit: r < 4.65436 +/- 2.77929 [4.50891, 5.55859]
Fit to 4 points: 4.88954 +/- 0.0691003

 -- Hybrid New -- 
Limit: r < 4.88954 +/- 0.0691003 @ 95% CL
Done in 0.01 min (cpu), 0.74 min (real)
