	CLs = 0.0764007 +/- 0.0240753
	CLs = 0.0948276 +/- 0.0181804
	CLs = 0.0925337 +/- 0.0140155
	CLs      = 0.0925337 +/- 0.0140155
	CLb      = 0.37766 +/- 0.0250017
	CLsplusb = 0.0349462 +/- 0.00476074


 -- Hybrid New -- 
Limit: r < 5.20742 +/- 0.217325 @ 95% CL
Done in 0.00 min (cpu), 0.09 min (real)
