	CLs = 0.0524194 +/- 0.0151237
	CLs = 0.0416667 +/- 0.00936483
	CLs = 0.0398981 +/- 0.00749245
	CLs = 0.0375968 +/- 0.00635139
	CLs = 0.0401954 +/- 0.00584826
	CLs = 0.0405359 +/- 0.00538691
	CLs = 0.0408986 +/- 0.0049961
	CLs      = 0.0408986 +/- 0.0049961
	CLb      = 0.5 +/- 0.0167789
	CLsplusb = 0.0204493 +/- 0.00240194


 -- HybridNew, before fit -- 
Limit: r < 4.65539 +/- 0.294608 [4.08555, 5.10699]
Fit to 5 points: 4.57566 +/- 0.0499052

 -- Hybrid New -- 
Limit: r < 4.57566 +/- 0.0499052 @ 95% CL
Done in 0.01 min (cpu), 0.47 min (real)
