	CLs = 0.0302419 +/- 0.0102399
	CLs = 0.0303571 +/- 0.00749312
	CLs = 0.0350956 +/- 0.00653111
	CLs = 0.0375374 +/- 0.00583994
	CLs = 0.0388391 +/- 0.0052443
	CLs = 0.0444886 +/- 0.00518777
	CLs = 0.0439966 +/- 0.00471097
	CLs      = 0.0439966 +/- 0.00471097
	CLb      = 0.595721 +/- 0.0164686
	CLsplusb = 0.0262097 +/- 0.00271128


 -- HybridNew, before fit -- 
Limit: r < 7.55122 +/- 0.761278 [7.21182, 8.77561]
Fit to 4 points: 7.78801 +/- 0.0929556

 -- Hybrid New -- 
Limit: r < 7.78801 +/- 0.0929556 @ 95% CL
Done in 0.01 min (cpu), 0.47 min (real)
