	CLs = 0.0498102 +/- 0.0137123
	CLs = 0.0503731 +/- 0.0100063
	CLs = 0.0500493 +/- 0.00805305
	CLs = 0.0454584 +/- 0.00652901
	CLs = 0.0476072 +/- 0.00592086
	CLs = 0.0454133 +/- 0.00530475
	CLs = 0.0466417 +/- 0.00501889
	CLs = 0.0458661 +/- 0.00463488
	CLs      = 0.0458661 +/- 0.00463488
	CLb      = 0.565945 +/- 0.0155494
	CLsplusb = 0.0259577 +/- 0.00252427


 -- HybridNew, before fit -- 
Limit: r < 7.37179 +/- 0.684518 [6.9746, 8.6859]
Fit to 5 points: 7.61802 +/- 0.114927

 -- Hybrid New -- 
Limit: r < 7.61802 +/- 0.114927 @ 95% CL
Done in 0.01 min (cpu), 0.52 min (real)
