	CLs = 0.0384897 +/- 0.0151649
	CLs = 0.029703 +/- 0.00882103
	CLs = 0.0319858 +/- 0.00736352
	CLs = 0.0333345 +/- 0.00637026
	CLs = 0.0338597 +/- 0.00564826
	CLs = 0.0349933 +/- 0.00525368
	CLs = 0.0347329 +/- 0.00481734
	CLs      = 0.0347329 +/- 0.00481734
	CLb      = 0.456081 +/- 0.016714
	CLsplusb = 0.015841 +/- 0.00211902


 -- HybridNew, before fit -- 
Limit: r < 6.4317 +/- 5 [5.62774, 6.65472]
Fit to 4 points: 6.10431 +/- 0.0829248

 -- Hybrid New -- 
Limit: r < 6.10431 +/- 0.0829248 @ 95% CL
Done in 0.02 min (cpu), 0.93 min (real)
