	CLs = 0.064312 +/- 0.0143702
	CLs = 0.058642 +/- 0.00971553
	CLs = 0.0553699 +/- 0.00759886
	CLs = 0.0571944 +/- 0.00662637
	CLs = 0.0576771 +/- 0.00591803
	CLs = 0.0616083 +/- 0.00563244
	CLs = 0.0622463 +/- 0.00522432
	CLs = 0.0627133 +/- 0.00491016
	CLs      = 0.0627133 +/- 0.00491016
	CLb      = 0.679134 +/- 0.0146451
	CLsplusb = 0.0425907 +/- 0.00320568


 -- Hybrid New -- 
Limit: r < 8.06611 +/- 0.150843 @ 95% CL
Done in 0.01 min (cpu), 0.23 min (real)
