	CLs = 0.0320209 +/- 0.0108809
	CLs = 0.0357143 +/- 0.00815214
	CLs = 0.03996 +/- 0.00700513
	CLs = 0.047043 +/- 0.00649477
	CLs = 0.0494566 +/- 0.00597561
	CLs = 0.0510753 +/- 0.00548554
	CLs = 0.0516392 +/- 0.00514441
	CLs = 0.0512097 +/- 0.0047268
	CLs      = 0.0512097 +/- 0.0047268
	CLb      = 0.605315 +/- 0.0153345
	CLsplusb = 0.030998 +/- 0.00275133


 -- HybridNew, before fit -- 
Limit: r < 7.86063 +/- 5 [6.87805, 8.39547]
Fit to 5 points: 7.76446 +/- 0.119568

 -- Hybrid New -- 
Limit: r < 7.76446 +/- 0.119568 @ 95% CL
Done in 0.01 min (cpu), 0.58 min (real)
