	CLs = 0.0378935 +/- 0.0106252
	CLs = 0.0406627 +/- 0.00792878
	CLs = 0.0426102 +/- 0.00657989
	CLs = 0.0452586 +/- 0.00581612
	CLs = 0.044395 +/- 0.00511294
	CLs = 0.0461231 +/- 0.00478785
	CLs      = 0.0461231 +/- 0.00478785
	CLb      = 0.692105 +/- 0.0167448
	CLsplusb = 0.031922 +/- 0.00322243


 -- HybridNew, before fit -- 
Limit: r < 8.38011 +/- 0.452298 [7.73851, 9.19006]
Fit to 5 points: 8.41454 +/- 0.094565

 -- Hybrid New -- 
Limit: r < 8.41454 +/- 0.094565 @ 95% CL
Done in 0.01 min (cpu), 0.46 min (real)
