	CLs = 0.0621186 +/- 0.0146731
	CLs = 0.0585443 +/- 0.00985143
	CLs = 0.056385 +/- 0.00783713
	CLs = 0.0541511 +/- 0.0067096
	CLs = 0.0493236 +/- 0.00569178
	CLs = 0.0466247 +/- 0.00506185
	CLs = 0.04572 +/- 0.00463032
	CLs      = 0.04572 +/- 0.00463032
	CLb      = 0.636261 +/- 0.0161438
	CLsplusb = 0.0290899 +/- 0.00285214


 -- HybridNew, before fit -- 
Limit: r < 13.9637 +/- 1.48423 [12.5789, 15.4728]
Fit to 5 points: 13.9889 +/- 0.199239

 -- Hybrid New -- 
Limit: r < 13.9889 +/- 0.199239 @ 95% CL
Done in 0.01 min (cpu), 0.46 min (real)
