	CLs = 0.0666199 +/- 0.0158738
	CLs = 0.0571429 +/- 0.0104358
	CLs = 0.0532627 +/- 0.00839224
	CLs = 0.050078 +/- 0.00695308
	CLs = 0.048193 +/- 0.00610195
	CLs = 0.0497408 +/- 0.00565354
	CLs = 0.0487657 +/- 0.00517297
	CLs = 0.0494845 +/- 0.00487645
	CLs      = 0.0494845 +/- 0.00487645
	CLb      = 0.555118 +/- 0.0155908
	CLsplusb = 0.0274698 +/- 0.00259474


 -- HybridNew, before fit -- 
Limit: r < 13.1542 +/- 1.47382 [12.6309, 14.8657]
Fit to 4 points: 13.449 +/- 0.1898

 -- Hybrid New -- 
Limit: r < 13.449 +/- 0.1898 @ 95% CL
Done in 0.01 min (cpu), 0.51 min (real)
