	CLs = 0.0555262 +/- 0.0154551
	CLs = 0.0444444 +/- 0.00932632
	CLs = 0.0488286 +/- 0.00794862
	CLs = 0.0571807 +/- 0.00758487
	CLs = 0.0552396 +/- 0.00659136
	CLs = 0.0522913 +/- 0.00581282
	CLs = 0.0531115 +/- 0.00539304
	CLs = 0.0521997 +/- 0.00499098
	CLs      = 0.0521997 +/- 0.00499098
	CLb      = 0.560039 +/- 0.0155729
	CLsplusb = 0.0292339 +/- 0.00267433


 -- HybridNew, before fit -- 
Limit: r < 9.79861 +/- 5.43352 [9.1862, 10.3328]
Fit to 5 points: 9.79685 +/- 0.134238

 -- Hybrid New -- 
Limit: r < 9.79685 +/- 0.134238 @ 95% CL
Done in 0.02 min (cpu), 0.77 min (real)
