	CLs = 0.0762262 +/- 0.0164951
	CLs = 0.0665584 +/- 0.0106999
	CLs = 0.0725012 +/- 0.00905357
	CLs = 0.0714466 +/- 0.00774395
	CLs = 0.071232 +/- 0.00677447
	CLs      = 0.071232 +/- 0.00677447
	CLb      = 0.656646 +/- 0.0188877
	CLsplusb = 0.0467742 +/- 0.00424009


 -- Hybrid New -- 
Limit: r < 9.0072 +/- 0.321177 @ 95% CL
Done in 0.00 min (cpu), 0.12 min (real)
