	CLs = 0.0425022 +/- 0.012028
	CLs = 0.036859 +/- 0.00780577
	CLs = 0.0456397 +/- 0.00728292
	CLs = 0.0392668 +/- 0.0057004
	CLs = 0.0401371 +/- 0.0051381
	CLs = 0.0414852 +/- 0.0048103
	CLs      = 0.0414852 +/- 0.0048103
	CLb      = 0.623684 +/- 0.0175732
	CLsplusb = 0.0258737 +/- 0.00291018


 -- HybridNew, before fit -- 
Limit: r < 7.6777 +/- 0.729255 [7.3467, 8.83885]
Fit to 4 points: 7.78222 +/- 0.110396

 -- Hybrid New -- 
Limit: r < 7.78222 +/- 0.110396 @ 95% CL
Done in 0.01 min (cpu), 0.43 min (real)
