	CLs = 0.0388825 +/- 0.0133915
	CLs = 0.0405983 +/- 0.00961916
	CLs = 0.0449568 +/- 0.00868098
	CLs = 0.0423387 +/- 0.00721541
	CLs = 0.0395598 +/- 0.00623998
	CLs = 0.036811 +/- 0.0054828
	CLs = 0.0363449 +/- 0.0051059
	CLs = 0.0404591 +/- 0.00500563
	CLs = 0.0437413 +/- 0.00492446
	CLs      = 0.0437413 +/- 0.00492446
	CLb      = 0.435315 +/- 0.0146586
	CLsplusb = 0.0190412 +/- 0.00204555


 -- HybridNew, before fit -- 
Limit: r < 8.20403 +/- 4.64013 [7.17852, 9.28025]
Fit to 5 points: 7.89807 +/- 0.166972

 -- Hybrid New -- 
Limit: r < 7.89807 +/- 0.166972 @ 95% CL
Done in 0.02 min (cpu), 0.79 min (real)
