	CLs = 0.0776019 +/- 0.020138
	CLs = 0.0747863 +/- 0.0133945
	CLs = 0.0851758 +/- 0.0117262
	CLs = 0.0730343 +/- 0.0092875
	CLs = 0.0674573 +/- 0.00787494
	CLs = 0.0730641 +/- 0.00752127
	CLs      = 0.0730641 +/- 0.00752127
	CLb      = 0.482895 +/- 0.0181263
	CLsplusb = 0.0352823 +/- 0.00338191


 -- Hybrid New -- 
Limit: r < 4.46747 +/- 0.171605 @ 95% CL
Done in 0.00 min (cpu), 0.15 min (real)
