	CLs = 0.0527859 +/- 0.015938
	CLs = 0.0420168 +/- 0.00970607
	CLs = 0.0395266 +/- 0.00770204
	CLs = 0.0409729 +/- 0.00667546
	CLs = 0.0388165 +/- 0.00589511
	CLs = 0.04103 +/- 0.00555947
	CLs = 0.0379357 +/- 0.00496179
	CLs      = 0.0379357 +/- 0.00496179
	CLb      = 0.470721 +/- 0.0167501
	CLsplusb = 0.0178571 +/- 0.00224752


 -- HybridNew, before fit -- 
Limit: r < 6.21485 +/- 5 [5.43799, 6.45142]
Fit to 4 points: 5.93442 +/- 0.0896447

 -- Hybrid New -- 
Limit: r < 5.93442 +/- 0.0896447 @ 95% CL
Done in 0.02 min (cpu), 0.85 min (real)
