	CLs = 0.0597372 +/- 0.0136217
	CLs = 0.0494012 +/- 0.00873308
	CLs = 0.0493296 +/- 0.00715884
	CLs = 0.0625545 +/- 0.0070523
	CLs = 0.0606467 +/- 0.00622016
	CLs = 0.0562954 +/- 0.00547054
	CLs = 0.055524 +/- 0.00501849
	CLs = 0.0545111 +/- 0.0046591
	CLs      = 0.0545111 +/- 0.0046591
	CLb      = 0.656496 +/- 0.0148982
	CLsplusb = 0.0357863 +/- 0.00294889


 -- HybridNew, before fit -- 
Limit: r < 12.994 +/- 10 [12.588, 14.7455]
Fit to 4 points: 13.572 +/- 0.203717

 -- Hybrid New -- 
Limit: r < 13.572 +/- 0.203717 @ 95% CL
Done in 0.02 min (cpu), 0.73 min (real)
