	CLs = 0.0388825 +/- 0.0133915
	CLs = 0.05 +/- 0.0108551
	CLs = 0.0528882 +/- 0.00920014
	CLs = 0.050123 +/- 0.00788117
	CLs = 0.0465834 +/- 0.0067837
	CLs = 0.0446139 +/- 0.00608479
	CLs = 0.0462682 +/- 0.00566428
	CLs = 0.0447518 +/- 0.0052255
	CLs = 0.0453444 +/- 0.00499322
	CLs      = 0.0453444 +/- 0.00499322
	CLb      = 0.439685 +/- 0.0146749
	CLsplusb = 0.0199373 +/- 0.00209217


 -- HybridNew, before fit -- 
Limit: r < 7.10814 +/- 5.50237 [6.66388, 8.08229]
Fit to 5 points: 7.1288 +/- 0.0739326

 -- Hybrid New -- 
Limit: r < 7.1288 +/- 0.0739326 @ 95% CL
Done in 0.02 min (cpu), 0.88 min (real)
