	CLs = 0.0577756 +/- 0.0149633
	CLs = 0.0430464 +/- 0.00861398
	CLs = 0.0424874 +/- 0.00703406
	CLs = 0.035612 +/- 0.00538311
	CLs = 0.0401371 +/- 0.0051381
	CLs = 0.0412409 +/- 0.00474523
	CLs      = 0.0412409 +/- 0.00474523
	CLb      = 0.635526 +/- 0.0174579
	CLsplusb = 0.0262097 +/- 0.00292851


 -- HybridNew, before fit -- 
Limit: r < 12.7939 +/- 0.683506 [12.3008, 15.7183]
Fit to 4 points: 13.1882 +/- 0.141916

 -- Hybrid New -- 
Limit: r < 13.1882 +/- 0.141916 @ 95% CL
Done in 0.01 min (cpu), 0.48 min (real)
