	CLs = 0.033871 +/- 0.0132274
	CLs = 0.0373832 +/- 0.00966234
	CLs = 0.0477642 +/- 0.00893893
	CLs = 0.0491675 +/- 0.0079173
	CLs = 0.0458343 +/- 0.00673805
	CLs = 0.0430755 +/- 0.00597142
	CLs = 0.0435056 +/- 0.00555693
	CLs = 0.0422987 +/- 0.00505814
	CLs = 0.043135 +/- 0.00485086
	CLs      = 0.043135 +/- 0.00485086
	CLb      = 0.441434 +/- 0.014681
	CLsplusb = 0.0190412 +/- 0.00204555


 -- HybridNew, before fit -- 
Limit: r < 8.54724 +/- 5 [7.47883, 9.27362]
Fit to 5 points: 8.23824 +/- 0.142479

 -- Hybrid New -- 
Limit: r < 8.23824 +/- 0.142479 @ 95% CL
Done in 0.02 min (cpu), 0.90 min (real)
