	CLs = 0.0302419 +/- 0.0102399
	CLs = 0.0439189 +/- 0.0088033
	CLs = 0.0507632 +/- 0.0077578
	CLs = 0.0467954 +/- 0.00639206
	CLs = 0.0477823 +/- 0.00575524
	CLs = 0.0470286 +/- 0.00517687
	CLs = 0.0454373 +/- 0.00470592
	CLs      = 0.0454373 +/- 0.00470592
	CLb      = 0.614865 +/- 0.0163301
	CLsplusb = 0.0279378 +/- 0.00279675


 -- HybridNew, before fit -- 
Limit: r < 13.9483 +/- 10 [13.0766, 15.4612]
Fit to 5 points: 14.2096 +/- 0.153118

 -- Hybrid New -- 
Limit: r < 14.2096 +/- 0.153118 @ 95% CL
Done in 0.01 min (cpu), 0.62 min (real)
