	CLs = 0.0513196 +/- 0.0141693
	CLs = 0.0407407 +/- 0.00890925
	CLs = 0.0418895 +/- 0.0077551
	CLs = 0.0433468 +/- 0.00681743
	CLs = 0.0420608 +/- 0.00607463
	CLs = 0.0410793 +/- 0.0054646
	CLs = 0.0435087 +/- 0.00522072
	CLs = 0.0425882 +/- 0.00485342
	CLs      = 0.0425882 +/- 0.00485342
	CLb      = 0.485236 +/- 0.0156796
	CLsplusb = 0.0206653 +/- 0.0022584


 -- HybridNew, before fit -- 
Limit: r < 4.15911 +/- 0.24059 [3.97808, 5]
Fit to 4 points: 4.30781 +/- 0.0682624

 -- Hybrid New -- 
Limit: r < 4.30781 +/- 0.0682624 @ 95% CL
Done in 0.01 min (cpu), 0.51 min (real)
