	CLs = 0.0408905 +/- 0.0120657
	CLs = 0.0387324 +/- 0.00843766
	CLs = 0.0405255 +/- 0.00711186
	CLs = 0.0405371 +/- 0.00618508
	CLs = 0.0408573 +/- 0.0054328
	CLs = 0.0443362 +/- 0.00524524
	CLs = 0.0427135 +/- 0.00483581
	CLs      = 0.0427135 +/- 0.00483581
	CLb      = 0.552928 +/- 0.0166846
	CLsplusb = 0.0236175 +/- 0.00257714


 -- HybridNew, before fit -- 
Limit: r < 10 +/- 10 [8.75, 10.625]
Fit to 5 points: 9.70738 +/- 0.119558

 -- Hybrid New -- 
Limit: r < 9.70738 +/- 0.119558 @ 95% CL
Done in 0.01 min (cpu), 0.63 min (real)
