	CLs = 0.056926 +/- 0.0173219
	CLs = 0.0636792 +/- 0.0129616
	CLs = 0.0519816 +/- 0.00902752
	CLs = 0.0560988 +/- 0.00804122
	CLs = 0.0496439 +/- 0.00664708
	CLs = 0.0488115 +/- 0.00609871
	CLs = 0.046229 +/- 0.00545429
	CLs = 0.045648 +/- 0.00506408
	CLs = 0.0461195 +/- 0.00485164
	CLs      = 0.0461195 +/- 0.00485164
	CLb      = 0.471154 +/- 0.0147582
	CLsplusb = 0.0217294 +/- 0.00218218


 -- HybridNew, before fit -- 
Limit: r < 5.41697 +/- 0.452844 [5.23578, 6.45848]
Fit to 4 points: 5.74616 +/- 0.125377

 -- Hybrid New -- 
Limit: r < 5.74616 +/- 0.125377 @ 95% CL
Done in 0.02 min (cpu), 0.82 min (real)
