	CLs = 0.0445671 +/- 0.012143
	CLs = 0.0472028 +/- 0.00932058
	CLs = 0.0459433 +/- 0.00765599
	CLs = 0.0420467 +/- 0.00620719
	CLs = 0.0443504 +/- 0.00572274
	CLs = 0.0439485 +/- 0.00523472
	CLs = 0.0452855 +/- 0.00495283
	CLs      = 0.0452855 +/- 0.00495283
	CLb      = 0.559685 +/- 0.0166589
	CLsplusb = 0.0253456 +/- 0.00266739


 -- HybridNew, before fit -- 
Limit: r < 10.6289 +/- 7.49064 [10.2967, 14.9813]
Fit to 4 points: 11.6378 +/- 0.283085

 -- Hybrid New -- 
Limit: r < 11.6378 +/- 0.283085 @ 95% CL
Done in 0.01 min (cpu), 0.53 min (real)
