	CLs = 0.0462524 +/- 0.0131863
	CLs = 0.0440141 +/- 0.00902041
	CLs = 0.0458417 +/- 0.00731794
	CLs = 0.0405459 +/- 0.00590041
	CLs = 0.0451277 +/- 0.00558646
	CLs = 0.0440496 +/- 0.00505897
	CLs = 0.0428676 +/- 0.00463784
	CLs      = 0.0428676 +/- 0.00463784
	CLb      = 0.597973 +/- 0.0164536
	CLsplusb = 0.0256336 +/- 0.00268211


 -- HybridNew, before fit -- 
Limit: r < 9.29022 +/- 5.4014 [8.12894, 10.0465]
Fit to 5 points: 9.19953 +/- 0.151647

 -- Hybrid New -- 
Limit: r < 9.19953 +/- 0.151647 @ 95% CL
Done in 0.01 min (cpu), 0.67 min (real)
