	CLs = 0.0456482 +/- 0.0150375
	CLs = 0.0340909 +/- 0.0090657
	CLs = 0.035055 +/- 0.00736284
	CLs = 0.0409035 +/- 0.00685239
	CLs = 0.0420441 +/- 0.00620626
	CLs = 0.0425627 +/- 0.00572974
	CLs = 0.0450595 +/- 0.00554649
	CLs = 0.0454103 +/- 0.00516734
	CLs = 0.0453968 +/- 0.0048808
	CLs      = 0.0453968 +/- 0.0048808
	CLb      = 0.458916 +/- 0.0147328
	CLsplusb = 0.0208333 +/- 0.00213769


 -- HybridNew, before fit -- 
Limit: r < 4.64858 +/- 2.5 [4.35804, 5]
Fit to 5 points: 4.64223 +/- 0.0617674

 -- Hybrid New -- 
Limit: r < 4.64223 +/- 0.0617674 @ 95% CL
Done in 0.02 min (cpu), 0.79 min (real)
