	CLs = 0.0549853 +/- 0.0146996
	CLs = 0.0539568 +/- 0.0101644
	CLs = 0.0518618 +/- 0.00774666
	CLs = 0.0535252 +/- 0.00692305
	CLs = 0.0501544 +/- 0.00597398
	CLs = 0.0450002 +/- 0.00514084
	CLs = 0.0424677 +/- 0.00459112
	CLs      = 0.0424677 +/- 0.00459112
	CLb      = 0.603604 +/- 0.0164148
	CLsplusb = 0.0256336 +/- 0.00268211


 -- HybridNew, before fit -- 
Limit: r < 15.5921 +/- 10 [13.6431, 20]
Fit to 5 points: 15.1871 +/- 0.417452

 -- Hybrid New -- 
Limit: r < 15.1871 +/- 0.417452 @ 95% CL
Done in 0.01 min (cpu), 0.52 min (real)
