	CLs = 0.077765 +/- 0.0152769
	CLs = 0.0691176 +/- 0.0102794
	CLs = 0.063416 +/- 0.00799997
	CLs = 0.0681916 +/- 0.00729704
	CLs = 0.0661138 +/- 0.00643172
	CLs = 0.062251 +/- 0.00561696
	CLs = 0.0619119 +/- 0.00523581
	CLs = 0.0616622 +/- 0.00490581
	CLs      = 0.0616622 +/- 0.00490581
	CLb      = 0.670276 +/- 0.0147488
	CLsplusb = 0.0413306 +/- 0.00315998


 -- Hybrid New -- 
Limit: r < 9.00862 +/- 0.327677 @ 95% CL
Done in 0.01 min (cpu), 0.18 min (real)
