	CLs = 0.0921659 +/- 0.0371269
	CLs = 0.0988372 +/- 0.0274332
	CLs = 0.0794163 +/- 0.0188618
	CLs = 0.0838045 +/- 0.0165651
	CLs = 0.0870699 +/- 0.0152653
	CLs = 0.0840054 +/- 0.013263
	CLs = 0.0842847 +/- 0.0123612
	CLs = 0.0915406 +/- 0.0124299
	CLs      = 0.0915406 +/- 0.0124299
	CLb      = 0.189961 +/- 0.0123066
	CLsplusb = 0.0173891 +/- 0.00207512


 -- Hybrid New -- 
Limit: r < 8.94721 +/- 0.290074 @ 95% CL
Done in 0.01 min (cpu), 0.24 min (real)
