	CLs = 0.0523104 +/- 0.0134045
	CLs = 0.0506135 +/- 0.0089684
	CLs = 0.0526004 +/- 0.00750508
	CLs = 0.0472438 +/- 0.00615151
	CLs = 0.0462782 +/- 0.00543038
	CLs = 0.0441011 +/- 0.00482784
	CLs      = 0.0441011 +/- 0.00482784
	CLb      = 0.655263 +/- 0.0172403
	CLsplusb = 0.0288978 +/- 0.00307078


 -- HybridNew, before fit -- 
Limit: r < 10.4938 +/- 10 [9.83791, 11.682]
Fit to 5 points: 10.6419 +/- 0.140975

 -- Hybrid New -- 
Limit: r < 10.6419 +/- 0.140975 @ 95% CL
Done in 0.01 min (cpu), 0.66 min (real)
