	CLs = 0.0552995 +/- 0.0142536
	CLs = 0.0457746 +/- 0.00920781
	CLs = 0.0406106 +/- 0.00690505
	CLs = 0.0420638 +/- 0.00600297
	CLs = 0.0405128 +/- 0.00523661
	CLs = 0.0411013 +/- 0.00483311
	CLs      = 0.0411013 +/- 0.00483311
	CLb      = 0.613158 +/- 0.0176663
	CLsplusb = 0.0252016 +/- 0.00287313


 -- HybridNew, before fit -- 
Limit: r < 17.2983 +/- 10 [12.9737, 18.6491]
Fit to 5 points: 16.1361 +/- 0.399987

 -- Hybrid New -- 
Limit: r < 16.1361 +/- 0.399987 @ 95% CL
Done in 0.01 min (cpu), 0.50 min (real)
