	CLs = 0.0288878 +/- 0.0103986
	CLs = 0.0341727 +/- 0.00799856
	CLs = 0.0437345 +/- 0.00748024
	CLs = 0.047043 +/- 0.00685208
	CLs = 0.0511159 +/- 0.00634625
	CLs = 0.0514517 +/- 0.00586647
	CLs = 0.0507337 +/- 0.00530649
	CLs = 0.0514806 +/- 0.00496443
	CLs      = 0.0514806 +/- 0.00496443
	CLb      = 0.558071 +/- 0.0155802
	CLsplusb = 0.0287298 +/- 0.00265186


 -- HybridNew, before fit -- 
Limit: r < 8.29005 +/- 5 [8.03099, 9.14503]
Fit to 4 points: 8.65639 +/- 0.118512

 -- Hybrid New -- 
Limit: r < 8.65639 +/- 0.118512 @ 95% CL
Done in 0.02 min (cpu), 0.71 min (real)
