	CLs = 0.0492832 +/- 0.0155127
	CLs = 0.045045 +/- 0.0104645
	CLs = 0.0452794 +/- 0.00843544
	CLs = 0.044701 +/- 0.00723464
	CLs = 0.0455672 +/- 0.00641904
	CLs = 0.0436008 +/- 0.00567334
	CLs = 0.0408506 +/- 0.00506835
	CLs = 0.0418988 +/- 0.00480096
	CLs      = 0.0418988 +/- 0.00480096
	CLb      = 0.487205 +/- 0.0156813
	CLsplusb = 0.0204133 +/- 0.00224488


 -- HybridNew, before fit -- 
Limit: r < 6.95153 +/- 5 [6.51706, 8.47577]
Fit to 5 points: 7.23224 +/- 0.132486

 -- Hybrid New -- 
Limit: r < 7.23224 +/- 0.132486 @ 95% CL
Done in 0.02 min (cpu), 0.84 min (real)
