	CLs = 0.0443548 +/- 0.0138303
	CLs = 0.0419708 +/- 0.00897598
	CLs = 0.0360983 +/- 0.00685652
	CLs = 0.0399194 +/- 0.00615982
	CLs = 0.0400461 +/- 0.00552773
	CLs = 0.0401648 +/- 0.00501996
	CLs = 0.039819 +/- 0.00460979
	CLs      = 0.039819 +/- 0.00460979
	CLb      = 0.564189 +/- 0.0166401
	CLsplusb = 0.0224654 +/- 0.00251497


 -- HybridNew, before fit -- 
Limit: r < 11.4709 +/- 7.12053 [10.754, 11.8172]
Fit to 4 points: 11.3198 +/- 0.112018

 -- Hybrid New -- 
Limit: r < 11.3198 +/- 0.112018 @ 95% CL
Done in 0.02 min (cpu), 0.86 min (real)
