	CLs = 0.058651 +/- 0.0119363
	CLs = 0.0630952 +/- 0.00860262
	CLs = 0.0536962 +/- 0.00646572
	CLs = 0.0592742 +/- 0.00595606
	CLs = 0.0597051 +/- 0.00535663
	CLs = 0.063041 +/- 0.00499973
	CLs      = 0.063041 +/- 0.00499973
	CLb      = 0.836842 +/- 0.0134035
	CLsplusb = 0.0527554 +/- 0.00409777


 -- Hybrid New -- 
Limit: r < 16.7236 +/- 0.750746 @ 95% CL
Done in 0.01 min (cpu), 0.21 min (real)
