	CLs = 0.0518433 +/- 0.0137754
	CLs = 0.0473485 +/- 0.00976521
	CLs = 0.0551553 +/- 0.00872088
	CLs = 0.0495225 +/- 0.00694031
	CLs = 0.0489521 +/- 0.00610337
	CLs = 0.0496399 +/- 0.00560256
	CLs = 0.0478914 +/- 0.00507201
	CLs = 0.0519259 +/- 0.0049623
	CLs      = 0.0519259 +/- 0.0049623
	CLb      = 0.562992 +/- 0.0155614
	CLsplusb = 0.0292339 +/- 0.00267433


 -- HybridNew, before fit -- 
Limit: r < 10 +/- 10 [9.375, 11.25]
Fit to 5 points: 10.1979 +/- 0.148676

 -- Hybrid New -- 
Limit: r < 10.1979 +/- 0.148676 @ 95% CL
Done in 0.01 min (cpu), 0.64 min (real)
