	CLs = 0.0241935 +/- 0.00926943
	CLs = 0.0441176 +/- 0.00925202
	CLs = 0.0473012 +/- 0.00790232
	CLs = 0.0474566 +/- 0.00684144
	CLs = 0.0516856 +/- 0.00627087
	CLs = 0.0491569 +/- 0.00558115
	CLs = 0.0484009 +/- 0.00510031
	CLs = 0.047843 +/- 0.00472486
	CLs      = 0.047843 +/- 0.00472486
	CLb      = 0.568898 +/- 0.0155368
	CLsplusb = 0.0272177 +/- 0.00258314


 -- HybridNew, before fit -- 
Limit: r < 12.6583 +/- 0.708162 [12.2599, 15.4022]
Fit to 4 points: 13.1127 +/- 0.269631

 -- Hybrid New -- 
Limit: r < 13.1127 +/- 0.269631 @ 95% CL
Done in 0.01 min (cpu), 0.46 min (real)
