	CLs = 0.0460829 +/- 0.0137368
	CLs = 0.0549242 +/- 0.0105675
	CLs = 0.0495218 +/- 0.00818752
	CLs = 0.0458542 +/- 0.00666417
	CLs = 0.0423514 +/- 0.00570114
	CLs = 0.0431622 +/- 0.00521254
	CLs = 0.0417673 +/- 0.00475261
	CLs      = 0.0417673 +/- 0.00475261
	CLb      = 0.558559 +/- 0.0166634
	CLsplusb = 0.0233295 +/- 0.00256175

Fit to 11 points: 12.1013 +/- 0.727235

 -- Hybrid New -- 
Limit: r < 13.1129 +/- 0.430445 @ 95% CL
Done in 0.03 min (cpu), 1.40 min (real)
