	CLs = 0.0659824 +/- 0.0162104
	CLs = 0.0535714 +/- 0.0100845
	CLs = 0.0426916 +/- 0.00717697
	CLs = 0.0417466 +/- 0.00623199
	CLs = 0.0370278 +/- 0.00529787
	CLs = 0.0395653 +/- 0.0049807
	CLs      = 0.0395653 +/- 0.0049807
	CLb      = 0.560526 +/- 0.0180035
	CLsplusb = 0.0221774 +/- 0.00269941


 -- HybridNew, before fit -- 
Limit: r < 7.26495 +/- 5 [6.81089, 7.60683]
Fit to 4 points: 7.33281 +/- 0.0763174

 -- Hybrid New -- 
Limit: r < 7.33281 +/- 0.0763174 @ 95% CL
Done in 0.01 min (cpu), 0.53 min (real)
