	CLs = 0.0883995 +/- 0.0141389
	CLs = 0.0833333 +/- 0.00967464
	CLs      = 0.0833333 +/- 0.00967464
	CLb      = 0.870968 +/- 0.0212875
	CLsplusb = 0.0725806 +/- 0.00823745


 -- Hybrid New -- 
Limit: r < 18.5195 +/- 0.588678 @ 95% CL
Done in 0.00 min (cpu), 0.08 min (real)
