	CLs = 0.0483871 +/- 0.0114829
	CLs = 0.0564516 +/- 0.00877192
	CLs = 0.0576306 +/- 0.00718924
	CLs = 0.0563027 +/- 0.0061818
	CLs = 0.0530695 +/- 0.00530093
	CLs = 0.054692 +/- 0.00493436
	CLs      = 0.054692 +/- 0.00493436
	CLb      = 0.761842 +/- 0.0154511
	CLsplusb = 0.0416667 +/- 0.00366299


 -- HybridNew, before fit -- 
Limit: r < 22.9969 +/- 3.91147 [21.7198, 27.2477]
Fit to 5 points: 24.0815 +/- 0.4577

 -- Hybrid New -- 
Limit: r < 24.0815 +/- 0.4577 @ 95% CL
Done in 0.01 min (cpu), 0.45 min (real)
