	CLs = 0.0370019 +/- 0.0103565
	CLs = 0.053125 +/- 0.00929633
	CLs = 0.0477521 +/- 0.00699185
	CLs = 0.0505093 +/- 0.00621526
	CLs = 0.0477068 +/- 0.00544827
	CLs = 0.0463405 +/- 0.00490206
	CLs      = 0.0463405 +/- 0.00490206
	CLb      = 0.667105 +/- 0.017094
	CLsplusb = 0.030914 +/- 0.0031728


 -- HybridNew, before fit -- 
Limit: r < 8.44512 +/- 0.841718 [8.10661, 9.32802]
Fit to 4 points: 8.77113 +/- 0.119268

 -- Hybrid New -- 
Limit: r < 8.77113 +/- 0.119268 @ 95% CL
Done in 0.01 min (cpu), 0.51 min (real)
