	CLs = 0.044298 +/- 0.0125808
	CLs = 0.0559441 +/- 0.0101939
	CLs = 0.0435669 +/- 0.00702208
	CLs = 0.0408695 +/- 0.00581932
	CLs = 0.0432258 +/- 0.00537662
	CLs = 0.0434683 +/- 0.00495154
	CLs      = 0.0434683 +/- 0.00495154
	CLb      = 0.618421 +/- 0.0176209
	CLsplusb = 0.0268817 +/- 0.0029648


 -- HybridNew, before fit -- 
Limit: r < 11.5088 +/- 1.96776 [10.835, 15.7544]
Fit to 5 points: 12.1846 +/- 0.31513

 -- Hybrid New -- 
Limit: r < 12.1846 +/- 0.31513 @ 95% CL
Done in 0.01 min (cpu), 0.53 min (real)
