	CLs = 0.0314202 +/- 0.0100661
	CLs = 0.0330189 +/- 0.00729919
	CLs = 0.0435303 +/- 0.00691849
	CLs = 0.0432563 +/- 0.00592937
	CLs = 0.0416194 +/- 0.00524993
	CLs = 0.0418563 +/- 0.00478722
	CLs      = 0.0418563 +/- 0.00478722
	CLb      = 0.634211 +/- 0.0174713
	CLsplusb = 0.0265457 +/- 0.00294672


 -- HybridNew, before fit -- 
Limit: r < 11.3194 +/- 1.92067 [10.3966, 13.4895]
Fit to 5 points: 11.4746 +/- 0.190812

 -- Hybrid New -- 
Limit: r < 11.4746 +/- 0.190812 @ 95% CL
Done in 0.01 min (cpu), 0.48 min (real)
