	CLs = 0.0795404 +/- 0.016876
	CLs = 0.0525478 +/- 0.00934584
	CLs = 0.0501443 +/- 0.00712108
	CLs = 0.0497511 +/- 0.00622003
	CLs = 0.0442934 +/- 0.00525844
	CLs = 0.046524 +/- 0.00492319
	CLs      = 0.046524 +/- 0.00492319
	CLb      = 0.664474 +/- 0.0171276
	CLsplusb = 0.030914 +/- 0.0031728


 -- HybridNew, before fit -- 
Limit: r < 7.8269 +/- 0.657708 [7.54804, 8.91345]
Fit to 4 points: 8.03884 +/- 0.126492

 -- Hybrid New -- 
Limit: r < 8.03884 +/- 0.126492 @ 95% CL
Done in 0.01 min (cpu), 0.44 min (real)
