	CLs = 0.0352823 +/- 0.0138161
	CLs = 0.047619 +/- 0.0111151
	CLs = 0.0372553 +/- 0.0080386
	CLs = 0.0322013 +/- 0.00637908
	CLs = 0.0340433 +/- 0.00593592
	CLs = 0.0366039 +/- 0.00578033
	CLs = 0.0367391 +/- 0.00527037
	CLs = 0.0383773 +/- 0.00496399
	CLs      = 0.0383773 +/- 0.00496399
	CLb      = 0.420276 +/- 0.0154857
	CLsplusb = 0.016129 +/- 0.0019998


 -- HybridNew, before fit -- 
Limit: r < 4.72962 +/- 2.82036 [4.13841, 4.95739]
Fit to 4 points: 4.48288 +/- 0.0779664

 -- Hybrid New -- 
Limit: r < 4.48288 +/- 0.0779664 @ 95% CL
Done in 0.02 min (cpu), 0.78 min (real)
