	CLs = 0.0432028 +/- 0.0141655
	CLs = 0.0405405 +/- 0.00989092
	CLs = 0.0403703 +/- 0.00803588
	CLs = 0.0385872 +/- 0.00662858
	CLs = 0.0381391 +/- 0.00592608
	CLs = 0.0388935 +/- 0.00551269
	CLs = 0.0390035 +/- 0.00515662
	CLs = 0.0384909 +/- 0.00478205
	CLs      = 0.0384909 +/- 0.00478205
	CLb      = 0.451772 +/- 0.0156133
	CLsplusb = 0.0173891 +/- 0.00207512


 -- HybridNew, before fit -- 
Limit: r < 6.089 +/- 3.69681 [5.32788, 6.25208]
Fit to 4 points: 5.85582 +/- 0.0972258

 -- Hybrid New -- 
Limit: r < 5.85582 +/- 0.0972258 @ 95% CL
Done in 0.02 min (cpu), 0.94 min (real)
