	CLs = 0.0414747 +/- 0.0122522
	CLs = 0.0331325 +/- 0.00713991
	CLs = 0.0414243 +/- 0.00664944
	CLs = 0.0444167 +/- 0.00597948
	CLs = 0.0469605 +/- 0.00551757
	CLs = 0.0484694 +/- 0.00511615
	CLs = 0.0482316 +/- 0.00469863
	CLs      = 0.0482316 +/- 0.00469863
	CLb      = 0.650901 +/- 0.0159965
	CLsplusb = 0.031394 +/- 0.00295942


 -- HybridNew, before fit -- 
Limit: r < 12.9558 +/- 10 [9.71686, 13.8363]
Fit to 5 points: 12.4028 +/- 0.264828

 -- Hybrid New -- 
Limit: r < 12.4028 +/- 0.264828 @ 95% CL
Done in 0.01 min (cpu), 0.58 min (real)
