	CLs = 0.0531726 +/- 0.0119656
	CLs = 0.0611111 +/- 0.00931669
	CLs = 0.061341 +/- 0.00756684
	CLs = 0.0584138 +/- 0.00634901
	CLs = 0.0584344 +/- 0.00566449
	CLs = 0.0613625 +/- 0.00530277
	CLs = 0.0617085 +/- 0.00493383
	CLs      = 0.0617085 +/- 0.00493383
	CLb      = 0.742117 +/- 0.0146805
	CLsplusb = 0.0457949 +/- 0.00354764


 -- Hybrid New -- 
Limit: r < 32.9442 +/- 0.987764 @ 95% CL
Done in 0.01 min (cpu), 0.26 min (real)
