	CLs = 0.0375417 +/- 0.0128962
	CLs = 0.0336134 +/- 0.00862649
	CLs = 0.0437616 +/- 0.0081299
	CLs = 0.0484384 +/- 0.00749956
	CLs = 0.0448719 +/- 0.00637824
	CLs = 0.0440541 +/- 0.0056877
	CLs = 0.047363 +/- 0.0054828
	CLs = 0.047222 +/- 0.00515651
	CLs = 0.0443459 +/- 0.00470352
	CLs      = 0.0443459 +/- 0.00470352
	CLb      = 0.479895 +/- 0.0147709
	CLsplusb = 0.0212814 +/- 0.00216006


 -- HybridNew, before fit -- 
Limit: r < 5.11125 +/- 3.50647 [4.95152, 7.01295]
Fit to 4 points: 5.60677 +/- 0.128395

 -- Hybrid New -- 
Limit: r < 5.60677 +/- 0.128395 @ 95% CL
Done in 0.01 min (cpu), 0.59 min (real)
