	CLs = 0.0329912 +/- 0.0200254
	CLs = 0.0133929 +/- 0.00787962
	CLs      = 0.0133929 +/- 0.00787962
	CLb      = 0.225806 +/- 0.0265502
	CLsplusb = 0.00302419 +/- 0.00174338


 -- Hybrid New -- 
Limit: r < 10.4377 +/- 0.431611 @ 95% CL
Done in 0.01 min (cpu), 0.41 min (real)
