	CLs = 0.102067 +/- 0.0209951
	CLs = 0.0907258 +/- 0.0144155
	CLs = 0.0930956 +/- 0.0118554
	CLs      = 0.0930956 +/- 0.0118554
	CLb      = 0.505319 +/- 0.0257841
	CLsplusb = 0.047043 +/- 0.00548887


 -- Hybrid New -- 
Limit: r < 10.6634 +/- 0.522895 @ 95% CL
Done in 0.00 min (cpu), 0.07 min (real)
