	CLs = 0.0409429 +/- 0.012682
	CLs = 0.0362903 +/- 0.00878344
	CLs = 0.039278 +/- 0.00736742
	CLs = 0.0391591 +/- 0.00644705
	CLs = 0.0422026 +/- 0.00603216
	CLs = 0.0422276 +/- 0.00548079
	CLs = 0.0437946 +/- 0.00521915
	CLs = 0.0465543 +/- 0.00507741
	CLs = 0.047764 +/- 0.00484972
	CLs      = 0.047764 +/- 0.00484972
	CLb      = 0.487762 +/- 0.0147784
	CLsplusb = 0.0232975 +/- 0.00225774


 -- HybridNew, before fit -- 
Limit: r < 6.4346 +/- 0.339207 [6.17818, 7.87422]
Fit to 4 points: 6.65575 +/- 0.127395

 -- Hybrid New -- 
Limit: r < 6.65575 +/- 0.127395 @ 95% CL
Done in 0.01 min (cpu), 0.63 min (real)
