	CLs = 0.0567808 +/- 0.0118198
	CLs = 0.0420918 +/- 0.00733471
	CLs = 0.0496811 +/- 0.00653445
	CLs = 0.0509371 +/- 0.00578602
	CLs = 0.0499059 +/- 0.00517102
	CLs = 0.0495573 +/- 0.00472888
	CLs      = 0.0495573 +/- 0.00472888
	CLb      = 0.752632 +/- 0.0156515
	CLsplusb = 0.0372984 +/- 0.00347356


 -- HybridNew, before fit -- 
Limit: r < 27.9519 +/- 20 [26.2049, 30.9639]
Fit to 5 points: 28.3211 +/- 0.401738

 -- Hybrid New -- 
Limit: r < 28.3211 +/- 0.401738 @ 95% CL
Done in 0.01 min (cpu), 0.62 min (real)
