	CLs = 0.0477504 +/- 0.0125861
	CLs = 0.0455975 +/- 0.00861922
	CLs = 0.0445311 +/- 0.00690197
	CLs = 0.0461166 +/- 0.00610726
	CLs = 0.0502326 +/- 0.00564161
	CLs = 0.0502465 +/- 0.0051941
	CLs = 0.0507956 +/- 0.00484558
	CLs      = 0.0507956 +/- 0.00484558
	CLb      = 0.646396 +/- 0.0160436
	CLsplusb = 0.0328341 +/- 0.00302429


 -- HybridNew, before fit -- 
Limit: r < 10.2212 +/- 5.78295 [9.58241, 10.8936]
Fit to 5 points: 10.1066 +/- 0.118098

 -- Hybrid New -- 
Limit: r < 10.1066 +/- 0.118098 @ 95% CL
Done in 0.01 min (cpu), 0.66 min (real)
