	CLs = 0.0469427 +/- 0.0134012
	CLs = 0.0420168 +/- 0.00970607
	CLs = 0.0349017 +/- 0.00716915
	CLs = 0.0382643 +/- 0.00656918
	CLs = 0.0403705 +/- 0.00600804
	CLs = 0.0399241 +/- 0.00539861
	CLs = 0.0420347 +/- 0.00514563
	CLs = 0.044236 +/- 0.00495778
	CLs      = 0.044236 +/- 0.00495778
	CLb      = 0.484252 +/- 0.0156786
	CLsplusb = 0.0214214 +/- 0.00229845


 -- HybridNew, before fit -- 
Limit: r < 7.14387 +/- 4.04219 [6.25089, 8.08437]
Fit to 5 points: 6.86051 +/- 0.156382

 -- Hybrid New -- 
Limit: r < 6.86051 +/- 0.156382 @ 95% CL
Done in 0.02 min (cpu), 0.78 min (real)
