	CLs = 0.0414747 +/- 0.0122522
	CLs = 0.0478723 +/- 0.0094648
	CLs = 0.0477429 +/- 0.00764885
	CLs = 0.0490545 +/- 0.0067291
	CLs = 0.0470898 +/- 0.00585085
	CLs = 0.0483144 +/- 0.00540284
	CLs = 0.0501684 +/- 0.00509471
	CLs = 0.049642 +/- 0.00477089
	CLs      = 0.049642 +/- 0.00477089
	CLb      = 0.57874 +/- 0.0154907
	CLsplusb = 0.0287298 +/- 0.00265186


 -- HybridNew, before fit -- 
Limit: r < 6.99727 +/- 5 [6.77861, 7.74795]
Fit to 4 points: 7.25035 +/- 0.0700532

 -- Hybrid New -- 
Limit: r < 7.25035 +/- 0.0700532 @ 95% CL
Done in 0.01 min (cpu), 0.52 min (real)
