	CLs = 0.0394997 +/- 0.0145163
	CLs = 0.0371287 +/- 0.00992992
	CLs = 0.0431419 +/- 0.00846287
	CLs = 0.0387314 +/- 0.00686408
	CLs = 0.0358662 +/- 0.0060052
	CLs = 0.0383848 +/- 0.00567054
	CLs = 0.0438446 +/- 0.00560368
	CLs = 0.042969 +/- 0.00522055
	CLs = 0.0407944 +/- 0.00478586
	CLs      = 0.0407944 +/- 0.00478586
	CLb      = 0.428322 +/- 0.0146301
	CLsplusb = 0.0174731 +/- 0.00196108


 -- HybridNew, before fit -- 
Limit: r < 4.8956 +/- 2.75119 [4.28365, 5.19899]
Fit to 5 points: 4.77504 +/- 0.0727928

 -- Hybrid New -- 
Limit: r < 4.77504 +/- 0.0727928 @ 95% CL
Done in 0.02 min (cpu), 0.85 min (real)
