	CLs = 0.0532258 +/- 0.0113041
	CLs = 0.0457921 +/- 0.00751565
	CLs = 0.0495467 +/- 0.00638423
	CLs = 0.0477085 +/- 0.00542659
	CLs = 0.0523641 +/- 0.00510255
	CLs = 0.0520833 +/- 0.00467517
	CLs      = 0.0520833 +/- 0.00467517
	CLb      = 0.8 +/- 0.0145095
	CLsplusb = 0.0416667 +/- 0.00366299


 -- HybridNew, before fit -- 
Limit: r < 33.0458 +/- 17.7722 [30.9804, 35.5443]
Fit to 5 points: 33.5614 +/- 0.501318

 -- Hybrid New -- 
Limit: r < 33.5614 +/- 0.501318 @ 95% CL
Done in 0.01 min (cpu), 0.72 min (real)
