	CLs = 0.0275623 +/- 0.00928238
	CLs = 0.0410959 +/- 0.00856883
	CLs = 0.0430851 +/- 0.00724851
	CLs = 0.0458669 +/- 0.00652131
	CLs = 0.0491425 +/- 0.00602973
	CLs = 0.0471641 +/- 0.00533508
	CLs = 0.0454012 +/- 0.00490446
	CLs      = 0.0454012 +/- 0.00490446
	CLb      = 0.570946 +/- 0.0166091
	CLsplusb = 0.0259217 +/- 0.00269674


 -- HybridNew, before fit -- 
Limit: r < 9.22498 +/- 5 [8.07186, 10]
Fit to 5 points: 8.82544 +/- 0.192559

 -- Hybrid New -- 
Limit: r < 8.82544 +/- 0.192559 @ 95% CL
Done in 0.01 min (cpu), 0.57 min (real)
