	CLs = 0.0483871 +/- 0.0123031
	CLs = 0.0529801 +/- 0.00959982
	CLs = 0.0541475 +/- 0.00802516
	CLs = 0.0536107 +/- 0.00681156
	CLs = 0.0501755 +/- 0.00588639
	CLs = 0.0472718 +/- 0.00517191
	CLs = 0.0496393 +/- 0.00495351
	CLs      = 0.0496393 +/- 0.00495351
	CLb      = 0.609234 +/- 0.0163736
	CLsplusb = 0.0302419 +/- 0.00290634


 -- HybridNew, before fit -- 
Limit: r < 15.347 +/- 10 [14.3878, 20]
Fit to 5 points: 15.9717 +/- 0.434324

 -- Hybrid New -- 
Limit: r < 15.9717 +/- 0.434324 @ 95% CL
Done in 0.01 min (cpu), 0.56 min (real)
