	CLs = 0.0840407 +/- 0.0146722
	CLs = 0.0778894 +/- 0.00988731
	CLs = 0.0737352 +/- 0.00779749
	CLs      = 0.0737352 +/- 0.00779749
	CLb      = 0.81117 +/- 0.0201835
	CLsplusb = 0.0598118 +/- 0.00614751


 -- Hybrid New -- 
Limit: r < 17.9216 +/- 0.679211 @ 95% CL
Done in 0.00 min (cpu), 0.09 min (real)
