	CLs = 0.0604839 +/- 0.0169933
	CLs = 0.0558036 +/- 0.0116906
	CLs = 0.0528882 +/- 0.00920014
	CLs = 0.0521376 +/- 0.0079337
	CLs = 0.0506126 +/- 0.00698429
	CLs = 0.0471576 +/- 0.00607101
	CLs = 0.0474092 +/- 0.00564604
	CLs = 0.0481782 +/- 0.00530264
	CLs = 0.0463731 +/- 0.00493671
	CLs      = 0.0463731 +/- 0.00493671
	CLb      = 0.458916 +/- 0.0147328
	CLsplusb = 0.0212814 +/- 0.00216006


 -- HybridNew, before fit -- 
Limit: r < 7.40757 +/- 4.66834 [7.17609, 9.33668]
Fit to 4 points: 7.85859 +/- 0.154786

 -- Hybrid New -- 
Limit: r < 7.85859 +/- 0.154786 @ 95% CL
Done in 0.02 min (cpu), 0.79 min (real)
