	CLs = 0.0317292 +/- 0.011486
	CLs = 0.0386179 +/- 0.00911589
	CLs = 0.0407562 +/- 0.00766585
	CLs = 0.0437987 +/- 0.00672356
	CLs = 0.0454489 +/- 0.00627399
	CLs = 0.0422276 +/- 0.00548079
	CLs = 0.042817 +/- 0.00509349
	CLs = 0.0438508 +/- 0.00484874
	CLs      = 0.0438508 +/- 0.00484874
	CLb      = 0.5 +/- 0.0156864
	CLsplusb = 0.0219254 +/- 0.00232474


 -- HybridNew, before fit -- 
Limit: r < 6.31677 +/- 3.62854 [5.92197, 6.78693]
Fit to 5 points: 6.34596 +/- 0.0671057

 -- Hybrid New -- 
Limit: r < 6.34596 +/- 0.0671057 @ 95% CL
Done in 0.02 min (cpu), 1.06 min (real)
