	CLs = 0.0356954 +/- 0.0122178
	CLs = 0.0395833 +/- 0.00936082
	CLs = 0.0398981 +/- 0.00749245
	CLs = 0.039005 +/- 0.00641983
	CLs = 0.0393915 +/- 0.00578629
	CLs = 0.0428979 +/- 0.00552665
	CLs = 0.042817 +/- 0.00509349
	CLs = 0.041494 +/- 0.00471923
	CLs      = 0.041494 +/- 0.00471923
	CLb      = 0.498031 +/- 0.0156863
	CLsplusb = 0.0206653 +/- 0.0022584


 -- HybridNew, before fit -- 
Limit: r < 7.70751 +/- 1.20885 [7.24021, 9.10175]
Fit to 5 points: 7.68283 +/- 0.114551

 -- Hybrid New -- 
Limit: r < 7.68283 +/- 0.114551 @ 95% CL
Done in 0.01 min (cpu), 0.69 min (real)
