	CLs = 0.0513196 +/- 0.0141693
	CLs = 0.0362319 +/- 0.00827849
	CLs = 0.0369788 +/- 0.0069062
	CLs = 0.0387354 +/- 0.00603996
	CLs = 0.0408028 +/- 0.00552985
	CLs = 0.0432638 +/- 0.00522579
	CLs = 0.0425423 +/- 0.00475082
	CLs      = 0.0425423 +/- 0.00475082
	CLb      = 0.568694 +/- 0.0166198
	CLsplusb = 0.0241935 +/- 0.0026076


 -- HybridNew, before fit -- 
Limit: r < 12.2583 +/- 7.43514 [10.726, 13.5643]
Fit to 5 points: 12.2242 +/- 0.196655

 -- Hybrid New -- 
Limit: r < 12.2242 +/- 0.196655 @ 95% CL
Done in 0.01 min (cpu), 0.59 min (real)
