	CLs = 0.0451066 +/- 0.0140852
	CLs = 0.0646552 +/- 0.0124222
	CLs = 0.0539447 +/- 0.00912321
	CLs = 0.0529684 +/- 0.00788773
	CLs = 0.0471924 +/- 0.00660074
	CLs = 0.046759 +/- 0.00601535
	CLs = 0.0452042 +/- 0.00536186
	CLs = 0.044275 +/- 0.00502775
	CLs = 0.0469507 +/- 0.00497476
	CLs      = 0.0469507 +/- 0.00497476
	CLb      = 0.458042 +/- 0.0147307
	CLsplusb = 0.0215054 +/- 0.00217115


 -- HybridNew, before fit -- 
Limit: r < 5.00736 +/- 2.71676 [4.38144, 5.43352]
Fit to 5 points: 5.00508 +/- 0.0874201

 -- Hybrid New -- 
Limit: r < 5.00508 +/- 0.0874201 @ 95% CL
Done in 0.01 min (cpu), 0.70 min (real)
