	CLs = 0.028463 +/- 0.010237
	CLs = 0.0371094 +/- 0.00873481
	CLs = 0.0327316 +/- 0.00669598
	CLs = 0.033871 +/- 0.00594869
	CLs = 0.0335524 +/- 0.00530073
	CLs      = 0.0335524 +/- 0.00530073
	CLb      = 0.504747 +/- 0.019888
	CLsplusb = 0.0169355 +/- 0.00259098


 -- Hybrid New -- 
Limit: r < 6.57798 +/- 0.183546 @ 95% CL
Done in 0.01 min (cpu), 0.24 min (real)
