	CLs = 0.0320209 +/- 0.0108809
	CLs = 0.034965 +/- 0.00796963
	CLs = 0.0436461 +/- 0.00724179
	CLs = 0.0474194 +/- 0.0064849
	CLs = 0.046944 +/- 0.00573635
	CLs = 0.0452996 +/- 0.00517794
	CLs = 0.0462804 +/- 0.00485767
	CLs      = 0.0462804 +/- 0.00485767
	CLb      = 0.591216 +/- 0.0164973
	CLsplusb = 0.0273618 +/- 0.00276858


 -- HybridNew, before fit -- 
Limit: r < 12.2157 +/- 7.67351 [11.834, 13.7814]
Fit to 4 points: 12.5346 +/- 0.195493

 -- Hybrid New -- 
Limit: r < 12.5346 +/- 0.195493 @ 95% CL
Done in 0.01 min (cpu), 0.60 min (real)
