	CLs = 0.0587558 +/- 0.0147194
	CLs = 0.0446429 +/- 0.00916022
	CLs = 0.0512528 +/- 0.00804541
	CLs = 0.0465008 +/- 0.00648018
	CLs = 0.0494566 +/- 0.00597561
	CLs = 0.0458225 +/- 0.00517033
	CLs = 0.0454154 +/- 0.00475916
	CLs      = 0.0454154 +/- 0.00475916
	CLb      = 0.602477 +/- 0.0164227
	CLsplusb = 0.0273618 +/- 0.00276858


 -- HybridNew, before fit -- 
Limit: r < 7.36791 +/- 0.684518 [6.97266, 8.02593]
Fit to 5 points: 7.37747 +/- 0.0889278

 -- Hybrid New -- 
Limit: r < 7.37747 +/- 0.0889278 @ 95% CL
Done in 0.01 min (cpu), 0.55 min (real)
