	CLs = 0.0604839 +/- 0.0169933
	CLs = 0.054878 +/- 0.010993
	CLs = 0.0583127 +/- 0.0090373
	CLs = 0.0525926 +/- 0.00749071
	CLs = 0.0519416 +/- 0.00673726
	CLs = 0.0501011 +/- 0.0061283
	CLs = 0.0480663 +/- 0.00553321
	CLs = 0.0466019 +/- 0.00511447
	CLs = 0.0450892 +/- 0.00470773
	CLs      = 0.0450892 +/- 0.00470773
	CLb      = 0.486888 +/- 0.0147777
	CLsplusb = 0.0219534 +/- 0.00219315


 -- HybridNew, before fit -- 
Limit: r < 5 +/- 5 [4.84375, 5.625]
Fit to 4 points: 5.18695 +/- 0.0589016

 -- Hybrid New -- 
Limit: r < 5.18695 +/- 0.0589016 @ 95% CL
Done in 0.02 min (cpu), 0.87 min (real)
