	CLs = 0.0420757 +/- 0.0124445
	CLs = 0.0477941 +/- 0.00965088
	CLs = 0.0440466 +/- 0.00731376
	CLs = 0.0437691 +/- 0.00626648
	CLs = 0.0431582 +/- 0.00555647
	CLs = 0.0429497 +/- 0.00510621
	CLs = 0.0442662 +/- 0.00477173
	CLs      = 0.0442662 +/- 0.00477173
	CLb      = 0.585586 +/- 0.0165313
	CLsplusb = 0.0259217 +/- 0.00269674


 -- HybridNew, before fit -- 
Limit: r < 7.93238 +/- 5 [7.6845, 10]
Fit to 4 points: 8.35144 +/- 0.158809

 -- Hybrid New -- 
Limit: r < 8.35144 +/- 0.158809 @ 95% CL
Done in 0.01 min (cpu), 0.55 min (real)
