	CLs = 0.0451066 +/- 0.0140852
	CLs = 0.0396825 +/- 0.00912666
	CLs = 0.0374867 +/- 0.00742198
	CLs = 0.0412802 +/- 0.00682305
	CLs = 0.0430247 +/- 0.006159
	CLs = 0.0447425 +/- 0.00573476
	CLs = 0.0454154 +/- 0.00538899
	CLs = 0.047222 +/- 0.00515651
	CLs = 0.0452517 +/- 0.00472609
	CLs      = 0.0452517 +/- 0.00472609
	CLb      = 0.48514 +/- 0.0147763
	CLsplusb = 0.0219534 +/- 0.00219315


 -- HybridNew, before fit -- 
Limit: r < 7.99123 +/- 4.43917 [7.49178, 8.43479]
Fit to 5 points: 7.96075 +/- 0.0965662

 -- Hybrid New -- 
Limit: r < 7.96075 +/- 0.0965662 @ 95% CL
Done in 0.02 min (cpu), 1.29 min (real)
