	CLs = 0.0230415 +/- 0.0168891
	CLs = 0.0326087 +/- 0.0139634
	CLs = 0.0355343 +/- 0.0124828
	CLs = 0.0354464 +/- 0.010779
	CLs = 0.0305806 +/- 0.00924263
	CLs = 0.0305579 +/- 0.00855204
	CLs = 0.0297803 +/- 0.0075491
	CLs = 0.0284498 +/- 0.00699728
	CLs      = 0.0284498 +/- 0.00699728
	CLb      = 0.159449 +/- 0.0114854
	CLsplusb = 0.00453629 +/- 0.00106679


 -- HybridNew, before fit -- 
Limit: r < 5 +/- 5 [4.375, 5.15625]
Fit to 4 points: 4.90002 +/- 0.068033

 -- Hybrid New -- 
Limit: r < 4.90002 +/- 0.068033 @ 95% CL
Done in 0.03 min (cpu), 2.03 min (real)
