	CLs = 0.0725806 +/- 0.0472044
	CLs = 0.0483871 +/- 0.021306
	CLs = 0.049305 +/- 0.0188432
	CLs = 0.0383445 +/- 0.0144177
	CLs = 0.0326716 +/- 0.0154511
	CLs = 0.0261409 +/- 0.0075377
	CLs      = 0.0261409 +/- 0.0075377
	CLb      = 0.167105 +/- 0.0135327
	CLsplusb = 0.00436828 +/- 0.00120889


 -- Hybrid New -- 
Limit: r < 3.97363 +/- 0.125 @ 95% CL
Done in 0.01 min (cpu), 0.48 min (real)
