	CLs = 0.0907258 +/- 0.0342396
	CLs = 0.0925926 +/- 0.0336401
	CLs = 0.107855 +/- 0.0208678
	CLs = 0.111139 +/- 0.0182107
	CLs      = 0.111139 +/- 0.0182107
	CLb      = 0.222222 +/- 0.0185185
	CLsplusb = 0.0246976 +/- 0.00348438


 -- Hybrid New -- 
Limit: r < 3.62638 +/- 0.170878 @ 95% CL
Done in 0.01 min (cpu), 0.27 min (real)
