	CLs = 0.0483871 +/- 0.0302042
	CLs = 0.0377358 +/- 0.0140602
	CLs = 0.0344575 +/- 0.0120813
	CLs = 0.0384002 +/- 0.0112653
	CLs = 0.0370278 +/- 0.0094682
	CLs = 0.0349076 +/- 0.00841945
	CLs = 0.0323747 +/- 0.00758668
	CLs = 0.0282651 +/- 0.00715507
	CLs      = 0.0282651 +/- 0.00715507
	CLb      = 0.151575 +/- 0.0112505
	CLsplusb = 0.00428427 +/- 0.00103686


 -- HybridNew, before fit -- 
Limit: r < 26.0661 +/- 20 [19.5495, 26.9369]
Fit to 5 points: 23.9156 +/- 0.466619

 -- Hybrid New -- 
Limit: r < 23.9156 +/- 0.466619 @ 95% CL
Done in 0.03 min (cpu), 1.64 min (real)
