	CLs = 0.0142315 +/- 0.0145723
	CLs = 0.0202703 +/- 0.0120829
	CLs = 0.0210573 +/- 0.00886472
	CLs      = 0.0210573 +/- 0.00886472
	CLb      = 0.191489 +/- 0.0202918
	CLsplusb = 0.00403226 +/- 0.00164284

Fit to 12 points: 4666.53 +/- 18363.1

 -- Hybrid New -- 
Limit: r < 5.6275 +/- 0.677591 @ 95% CL
Done in 0.10 min (cpu), 8.20 min (real)
