	CLs = 0.111663 +/- 0.0539274
	CLs = 0.078125 +/- 0.0224342
	CLs = 0.098878 +/- 0.0185816
	CLs = 0.0946395 +/- 0.0249947
	CLs = 0.0884134 +/- 0.0138177
	CLs = 0.0820853 +/- 0.0219892
	CLs = 0.0816256 +/- 0.0117074
	CLs = 0.088496 +/- 0.011438
	CLs      = 0.088496 +/- 0.011438
	CLb      = 0.213583 +/- 0.0128577
	CLsplusb = 0.0189012 +/- 0.0021618


 -- Hybrid New -- 
Limit: r < 4.54504 +/- 0.173564 @ 95% CL
Done in 0.01 min (cpu), 0.25 min (real)
