	CLs = 0.148883 +/- 0.0448166
	CLs = 0.109375 +/- 0.0341765
	CLs = 0.0872923 +/- 0.0226761
	CLs = 0.0907258 +/- 0.0187585
	CLs = 0.103254 +/- 0.0172504
	CLs      = 0.103254 +/- 0.0172504
	CLb      = 0.183544 +/- 0.0153985
	CLsplusb = 0.0189516 +/- 0.00273806


 -- Hybrid New -- 
Limit: r < 15.3455 +/- 0.729386 @ 95% CL
Done in 0.01 min (cpu), 0.39 min (real)
