	CLs = 0.0604839 +/- 0.0474191
	CLs = 0.0694444 +/- 0.0243291
	CLs = 0.0958472 +/- 0.0334863
	CLs = 0.10653 +/- 0.0347967
	CLs = 0.113767 +/- 0.0186742
	CLs      = 0.113767 +/- 0.0186742
	CLb      = 0.177215 +/- 0.0151892
	CLsplusb = 0.0201613 +/- 0.00282235


 -- Hybrid New -- 
Limit: r < 17.8119 +/- 0.691166 @ 95% CL
Done in 0.00 min (cpu), 0.11 min (real)
