	CLs = 0.254669 +/- 0.0773633
	CLs = 0.177778 +/- 0.039124
	CLs      = 0.177778 +/- 0.039124
	CLb      = 0.181452 +/- 0.0244724
	CLsplusb = 0.0322581 +/- 0.00560974


 -- Hybrid New -- 
Limit: r < 6.28371 +/- 0.286185 @ 95% CL
Done in 0.01 min (cpu), 0.37 min (real)
