	CLs = 0.0254669 +/- 0.0187538
	CLs = 0.0227273 +/- 0.0117587
	CLs = 0.0285293 +/- 0.0112557
	CLs = 0.0313972 +/- 0.00991163
	CLs = 0.0318548 +/- 0.00891774
	CLs = 0.0285869 +/- 0.00769607
	CLs = 0.0237492 +/- 0.0068277
	CLs      = 0.0237492 +/- 0.0068277
	CLb      = 0.157658 +/- 0.0122291
	CLsplusb = 0.00374424 +/- 0.00103652


 -- Hybrid New -- 
Limit: r < 15.6437 +/- 0.5 @ 95% CL
Done in 0.01 min (cpu), 0.73 min (real)
