	CLs = 0.0345622 +/- 0.0367809
	CLs = 0.03125 +/- 0.0146562
	CLs = 0.0229717 +/- 0.0119231
	CLs = 0.0222835 +/- 0.0103338
	CLs = 0.0274826 +/- 0.00863529
	CLs = 0.0285618 +/- 0.00721155
	CLs = 0.0234147 +/- 0.00672744
	CLs      = 0.0234147 +/- 0.00672744
	CLb      = 0.15991 +/- 0.0122997
	CLsplusb = 0.00374424 +/- 0.00103652


 -- HybridNew, before fit -- 
Limit: r < 12.0967 +/- 1 [10, 12.4596]
Fit to 4 points: 10.9977 +/- 0.192217

 -- Hybrid New -- 
Limit: r < 10.9977 +/- 0.192217 @ 95% CL
Done in 0.03 min (cpu), 1.87 min (real)
