	CLs = 0.0219941 +/- 0.0228629
	CLs = 0.0119048 +/- 0.0121556
	CLs      = 0.0119048 +/- 0.0121556
	CLb      = 0.0846774 +/- 0.0176785
	CLsplusb = 0.00100806 +/- 0.00100756


 -- Hybrid New -- 
Limit: r < 5.43889 +/- 0.25 @ 95% CL
Done in 0.00 min (cpu), 0.09 min (real)
