	CLs = 0.0921659 +/- 0.0371269
	CLs = 0.0965909 +/- 0.0267176
	CLs = 0.0792008 +/- 0.0192725
	CLs = 0.0756692 +/- 0.0227281
	CLs = 0.0768007 +/- 0.0183629
	CLs = 0.0949186 +/- 0.0167141
	CLs = 0.0985151 +/- 0.0156462
	CLs      = 0.0985151 +/- 0.0156462
	CLb      = 0.152027 +/- 0.0120488
	CLsplusb = 0.014977 +/- 0.00206132


 -- Hybrid New -- 
Limit: r < 3.71068 +/- 0.0793662 @ 95% CL
Done in 0.01 min (cpu), 0.26 min (real)
