	CLs = 0.0426945 +/- 0.0263812
	CLs = 0.0306122 +/- 0.0130609
	CLs = 0.02998 +/- 0.0118591
	CLs = 0.024485 +/- 0.00898171
	CLs = 0.0310779 +/- 0.0146563
	CLs = 0.0296949 +/- 0.0080103
	CLs = 0.0266417 +/- 0.00715849
	CLs      = 0.0266417 +/- 0.00715849
	CLb      = 0.162162 +/- 0.0123694
	CLsplusb = 0.00432028 +/- 0.00111308


 -- HybridNew, before fit -- 
Limit: r < 7.15267 +/- 0.720355 [6.39822, 7.50859]
Fit to 4 points: 6.91236 +/- 0.079543

 -- Hybrid New -- 
Limit: r < 6.91236 +/- 0.079543 @ 95% CL
Done in 0.03 min (cpu), 1.77 min (real)
