	CLs = 0.0186104 +/- 0.0135244
	CLs = 0.0192308 +/- 0.0114408
	CLs = 0.0308156 +/- 0.0144885
	CLs = 0.033871 +/- 0.0112768
	CLs = 0.0395866 +/- 0.0104903
	CLs = 0.0330228 +/- 0.00896103
	CLs = 0.0270169 +/- 0.00726423
	CLs      = 0.0270169 +/- 0.00726423
	CLb      = 0.15991 +/- 0.0122997
	CLsplusb = 0.00432028 +/- 0.00111308


 -- HybridNew, before fit -- 
Limit: r < 15 +/- 5 [12.5, 15.625]
Fit to 4 points: 14.3182 +/- 0.242993

 -- Hybrid New -- 
Limit: r < 14.3182 +/- 0.242993 @ 95% CL
Done in 0.03 min (cpu), 1.52 min (real)
