	CLs = 0.140068 +/- 0.0511183
	CLs = 0.0722222 +/- 0.0221553
	CLs = 0.0716578 +/- 0.01816
	CLs = 0.0837469 +/- 0.0171291
	CLs = 0.0918338 +/- 0.0164338
	CLs = 0.086976 +/- 0.0142575
	CLs = 0.0892497 +/- 0.0122111
	CLs      = 0.0892497 +/- 0.0122111
	CLb      = 0.216216 +/- 0.0138145
	CLsplusb = 0.0192972 +/- 0.00233467


 -- Hybrid New -- 
Limit: r < 7.14148 +/- 0.146536 @ 95% CL
Done in 0.01 min (cpu), 0.36 min (real)
