	CLs = 0.0127334 +/- 0.0129999
	CLs = 0.0454545 +/- 0.0347918
	CLs = 0.0416192 +/- 0.0117615
	CLs = 0.0397882 +/- 0.0117009
	CLs = 0.0405425 +/- 0.0115248
	CLs = 0.0340502 +/- 0.00895601
	CLs = 0.0331903 +/- 0.00846469
	CLs = 0.0304057 +/- 0.00730025
	CLs = 0.0269015 +/- 0.00642593
	CLs      = 0.0269015 +/- 0.00642593
	CLb      = 0.158217 +/- 0.0107898
	CLsplusb = 0.00425627 +/- 0.000974376


 -- HybridNew, before fit -- 
Limit: r < 11.9556 +/- 6.51652 [10.4612, 12.4943]
Fit to 4 points: 11.346 +/- 0.195717

 -- Hybrid New -- 
Limit: r < 11.346 +/- 0.195717 @ 95% CL
Done in 0.03 min (cpu), 1.54 min (real)
