	CLs = 0.0127334 +/- 0.0129999
	CLs = 0.00961538 +/- 0.00977474
	CLs      = 0.00961538 +/- 0.00977474
	CLb      = 0.104839 +/- 0.019453
	CLsplusb = 0.00100806 +/- 0.00100756


 -- Hybrid New -- 
Limit: r < 6.3812 +/- 0.172466 @ 95% CL
Done in 0.01 min (cpu), 0.23 min (real)
