	CLs = 0.0680444 +/- 0.0247228
	CLs = 0.0744681 +/- 0.0220487
	CLs = 0.071595 +/- 0.0192321
	CLs = 0.064985 +/- 0.015184
	CLs = 0.0596431 +/- 0.0138736
	CLs = 0.0716524 +/- 0.012653
	CLs = 0.0720779 +/- 0.0144038
	CLs = 0.0776776 +/- 0.0117548
	CLs = 0.0821386 +/- 0.0105537
	CLs      = 0.0821386 +/- 0.0105537
	CLb      = 0.204545 +/- 0.0119259
	CLsplusb = 0.0168011 +/- 0.00192365


 -- Hybrid New -- 
Limit: r < 6.72716 +/- 0.250137 @ 95% CL
Done in 0.01 min (cpu), 0.29 min (real)
