	CLs = 0.0604839 +/- 0.0474191
	CLs = 0.0403226 +/- 0.0192207
	CLs = 0.0372819 +/- 0.0131374
	CLs = 0.0358251 +/- 0.011399
	CLs = 0.0302779 +/- 0.00914616
	CLs = 0.0245161 +/- 0.00734181
	CLs      = 0.0245161 +/- 0.00734181
	CLb      = 0.164474 +/- 0.0134469
	CLsplusb = 0.00403226 +/- 0.00116166


 -- Hybrid New -- 
Limit: r < 14.4382 +/- 0.151579 @ 95% CL
Done in 0.01 min (cpu), 0.66 min (real)
