	CLs = 0.0268817 +/- 0.0198489
	CLs = 0.0357143 +/- 0.018921
	CLs = 0.0263217 +/- 0.0122757
	CLs = 0.0254032 +/- 0.00933415
	CLs = 0.0349779 +/- 0.00984656
	CLs = 0.0387468 +/- 0.00872441
	CLs = 0.0332839 +/- 0.00802043
	CLs = 0.0263807 +/- 0.00665547
	CLs      = 0.0263807 +/- 0.00665547
	CLb      = 0.162402 +/- 0.0115709
	CLsplusb = 0.00428427 +/- 0.00103686


 -- HybridNew, before fit -- 
Limit: r < 10 +/- 10 [9.6875, 10.3125]
Fit to 3 points: 9.91243 +/- 0.0644322

 -- Hybrid New -- 
Limit: r < 9.91243 +/- 0.0644322 @ 95% CL
Done in 0.05 min (cpu), 3.42 min (real)
