	CLs = 0.0537634 +/- 0.0236409
	CLs = 0.0512821 +/- 0.019568
	CLs = 0.063172 +/- 0.0153663
	CLs = 0.0754551 +/- 0.0152311
	CLs = 0.0768264 +/- 0.0132529
	CLs = 0.0846126 +/- 0.0127071
	CLs = 0.0819008 +/- 0.012078
	CLs = 0.0878234 +/- 0.0116773
	CLs      = 0.0878234 +/- 0.0116773
	CLb      = 0.20374 +/- 0.0126363
	CLsplusb = 0.0178931 +/- 0.00210444


 -- Hybrid New -- 
Limit: r < 6.82145 +/- 0.215716 @ 95% CL
Done in 0.01 min (cpu), 0.19 min (real)
