	CLs = 0.0179211 +/- 0.013006
	CLs = 0.01 +/- 0.00717607
	CLs      = 0.01 +/- 0.00717607
	CLb      = 0.201613 +/- 0.0254765
	CLsplusb = 0.00201613 +/- 0.00142418


 -- Hybrid New -- 
Limit: r < 3.94881 +/- 0.0459683 @ 95% CL
Done in 0.02 min (cpu), 0.73 min (real)
