	CLs = 0.120968 +/- 0.0337597
	CLs = 0.111111 +/- 0.0324394
	CLs = 0.0905863 +/- 0.0236512
	CLs = 0.082637 +/- 0.0178383
	CLs = 0.0788786 +/- 0.01402
	CLs = 0.088643 +/- 0.0154611
	CLs = 0.0975201 +/- 0.0153104
	CLs      = 0.0975201 +/- 0.0153104
	CLb      = 0.156532 +/- 0.0121935
	CLsplusb = 0.015265 +/- 0.00208074

Fit to 6 points: 5.51994 +/- 0.2398

 -- Hybrid New -- 
Limit: r < 5.51994 +/- 0.2398 @ 95% CL
Done in 0.06 min (cpu), 3.90 min (real)
