	CLs = 0.115207 +/- 0.0426842
	CLs = 0.113636 +/- 0.0344544
	CLs = 0.123536 +/- 0.0313367
	CLs = 0.121649 +/- 0.0246345
	CLs = 0.127419 +/- 0.0196889
	CLs      = 0.127419 +/- 0.0196889
	CLb      = 0.183544 +/- 0.0153985
	CLsplusb = 0.0233871 +/- 0.00303475


 -- Hybrid New -- 
Limit: r < 6.76494 +/- 0.274562 @ 95% CL
Done in 0.01 min (cpu), 0.19 min (real)
