	CLs = 0.165535 +/- 0.0571527
	CLs = 0.0705128 +/- 0.0235464
	CLs = 0.0740638 +/- 0.0199743
	CLs = 0.075055 +/- 0.0163298
	CLs = 0.0794302 +/- 0.0182289
	CLs = 0.08749 +/- 0.0162822
	CLs = 0.10488 +/- 0.0160175
	CLs      = 0.10488 +/- 0.0160175
	CLb      = 0.156532 +/- 0.0121935
	CLsplusb = 0.0164171 +/- 0.00215657


 -- Hybrid New -- 
Limit: r < 8.10467 +/- 0.369383 @ 95% CL
Done in 0.01 min (cpu), 0.55 min (real)
