	CLs = 0.0372208 +/- 0.0196289
	CLs = 0.0320513 +/- 0.0150539
	CLs = 0.0300819 +/- 0.014125
	CLs = 0.0296921 +/- 0.0103544
	CLs = 0.0318548 +/- 0.00926275
	CLs = 0.0308923 +/- 0.00835118
	CLs = 0.0337797 +/- 0.00773947
	CLs = 0.0309867 +/- 0.00744745
	CLs = 0.0286193 +/- 0.00636304
	CLs      = 0.0286193 +/- 0.00636304
	CLb      = 0.172203 +/- 0.0111627
	CLsplusb = 0.00492832 +/- 0.00104813


 -- HybridNew, before fit -- 
Limit: r < 4.59833 +/- 2.5 [4.31094, 4.79917]
Fit to 4 points: 4.58334 +/- 0.0354876

 -- Hybrid New -- 
Limit: r < 4.58334 +/- 0.0354876 @ 95% CL
Done in 0.04 min (cpu), 2.45 min (real)
