	CLs = 0.083426 +/- 0.0293931
	CLs = 0.104167 +/- 0.0267189
	CLs = 0.112306 +/- 0.022963
	CLs = 0.109635 +/- 0.0197429
	CLs      = 0.109635 +/- 0.0197429
	CLb      = 0.188492 +/- 0.0174212
	CLsplusb = 0.0206653 +/- 0.00319386


 -- Hybrid New -- 
Limit: r < 9.14625 +/- 0.368728 @ 95% CL
Done in 0.00 min (cpu), 0.11 min (real)
