	CLs = 0.0230415 +/- 0.0168891
	CLs = 0.0222222 +/- 0.0114866
	CLs = 0.0197413 +/- 0.00909585
	CLs      = 0.0197413 +/- 0.00909585
	CLb      = 0.170213 +/- 0.0193814
	CLsplusb = 0.00336022 +/- 0.00150021

Fit to 5 points: 10.9621 +/- 0.257127

 -- Hybrid New -- 
Limit: r < 10.9621 +/- 0.257127 @ 95% CL
Done in 0.04 min (cpu), 2.42 min (real)
