	CLs = 0.0604839 +/- 0.0673425
	CLs = 0.0387324 +/- 0.0122454
	CLs = 0.0401467 +/- 0.0102227
	CLs = 0.0384897 +/- 0.0129192
	CLs = 0.0305806 +/- 0.00824437
	CLs = 0.0277961 +/- 0.0072297
	CLs      = 0.0277961 +/- 0.0072297
	CLb      = 0.193421 +/- 0.0143274
	CLsplusb = 0.00537634 +/- 0.00134047


 -- HybridNew, before fit -- 
Limit: r < 3.94816 +/- 2.5 [2.96112, 4.07964]
Fit to 4 points: 3.57405 +/- 0.0722448

 -- Hybrid New -- 
Limit: r < 3.57405 +/- 0.0722448 @ 95% CL
Done in 0.03 min (cpu), 1.34 min (real)
