	CLs = 0.0268817 +/- 0.0282035
	CLs = 0.0133929 +/- 0.00787962
	CLs      = 0.0133929 +/- 0.00787962
	CLb      = 0.225806 +/- 0.0265502
	CLsplusb = 0.00302419 +/- 0.00174338


 -- Hybrid New -- 
Limit: r < 5.50833 +/- 0.25 @ 95% CL
Done in 0.00 min (cpu), 0.09 min (real)
