	CLs = 0.156931 +/- 0.037906
	CLs = 0.148649 +/- 0.0262568
	CLs      = 0.148649 +/- 0.0262568
	CLb      = 0.298387 +/- 0.0290545
	CLsplusb = 0.0443548 +/- 0.00653677


 -- Hybrid New -- 
Limit: r < 9.73983 +/- 0.314188 @ 95% CL
Done in 0.01 min (cpu), 0.61 min (real)
