	CLs = 0.0439883 +/- 0.0335166
	CLs = 0.0406977 +/- 0.0163335
	CLs = 0.029728 +/- 0.0127152
	CLs = 0.0358634 +/- 0.0109139
	CLs = 0.0337287 +/- 0.011869
	CLs = 0.0312706 +/- 0.00770466
	CLs = 0.0304477 +/- 0.00711057
	CLs = 0.0315676 +/- 0.00780739
	CLs = 0.0286018 +/- 0.0059562
	CLs      = 0.0286018 +/- 0.0059562
	CLb      = 0.195804 +/- 0.0117322
	CLsplusb = 0.00560036 +/- 0.00111693


 -- Hybrid New -- 
Limit: r < 5.56396 +/- 0.25 @ 95% CL
Done in 0.01 min (cpu), 0.34 min (real)
