	CLs = 0.0521822 +/- 0.0110583
	CLs = 0.0571429 +/- 0.00819256
	CLs = 0.0463795 +/- 0.00606035
	CLs = 0.0485297 +/- 0.0053638
	CLs = 0.0476019 +/- 0.00476074
	CLs      = 0.0476019 +/- 0.00476074
	CLb      = 0.838608 +/- 0.014634
	CLsplusb = 0.0399194 +/- 0.00393115

Fit to 7 points: 25.9971 +/- 0.620567

 -- Hybrid New -- 
Limit: r < 25.9971 +/- 0.620567 @ 95% CL
Done in 0.02 min (cpu), 0.75 min (real)
