	CLs = 0.0314516 +/- 0.00870327
	CLs = 0.0663507 +/- 0.00879145
	CLs = 0.0679699 +/- 0.00731984
	CLs = 0.0630577 +/- 0.00611357
	CLs = 0.0658734 +/- 0.00558976
	CLs = 0.0739352 +/- 0.00539197
	CLs      = 0.0739352 +/- 0.00539197
	CLb      = 0.840789 +/- 0.0132716
	CLsplusb = 0.062164 +/- 0.00442605


 -- Hybrid New -- 
Limit: r < 21.8087 +/- 0.651267 @ 95% CL
Done in 0.00 min (cpu), 0.13 min (real)
