	CLs = 0.0573661 +/- 0.0119561
	CLs = 0.0528846 +/- 0.00793175
	CLs = 0.0534073 +/- 0.00648592
	CLs = 0.0497151 +/- 0.00546722
	CLs = 0.06143 +/- 0.00539405
	CLs = 0.063343 +/- 0.00500656
	CLs = 0.0627401 +/- 0.00460652
	CLs      = 0.0627401 +/- 0.00460652
	CLb      = 0.84009 +/- 0.0122997
	CLsplusb = 0.0527074 +/- 0.00379217


 -- Hybrid New -- 
Limit: r < 22.4086 +/- 0.860082 @ 95% CL
Done in 0.01 min (cpu), 0.17 min (real)
