	CLs = 0.0694666 +/- 0.0128155
	CLs = 0.0690476 +/- 0.0089929
	CLs = 0.0703689 +/- 0.007446
	CLs = 0.064411 +/- 0.00618725
	CLs = 0.0724683 +/- 0.00585167
	CLs      = 0.0724683 +/- 0.00585167
	CLb      = 0.84019 +/- 0.0145758
	CLsplusb = 0.0608871 +/- 0.00480171


 -- Hybrid New -- 
Limit: r < 16.5787 +/- 0.805215 @ 95% CL
Done in 0.01 min (cpu), 0.21 min (real)
