	CLs = 0.0293255 +/- 0.00845292
	CLs = 0.0424757 +/- 0.00715631
	CLs = 0.0463795 +/- 0.00606035
	CLs = 0.0460247 +/- 0.00521762
	CLs = 0.0391688 +/- 0.00433655
	CLs      = 0.0391688 +/- 0.00433655
	CLb      = 0.833861 +/- 0.0148055
	CLsplusb = 0.0326613 +/- 0.00356928


 -- Hybrid New -- 
Limit: r < 11.5478 +/- 0.118709 @ 95% CL
Done in 0.01 min (cpu), 0.18 min (real)
