	CLs = 0.0919355 +/- 0.0148145
	CLs = 0.0721154 +/- 0.00924485
	CLs = 0.0495781 +/- 0.00626373
	CLs = 0.0680229 +/- 0.00635607
	CLs = 0.0634693 +/- 0.00548818
	CLs = 0.0693565 +/- 0.00523557
	CLs      = 0.0693565 +/- 0.00523557
	CLb      = 0.838158 +/- 0.0133599
	CLsplusb = 0.0581317 +/- 0.00428929


 -- Hybrid New -- 
Limit: r < 19.9037 +/- 0.735685 @ 95% CL
Done in 0.00 min (cpu), 0.13 min (real)
