	CLs = 0.0592979 +/- 0.0117784
	CLs = 0.062201 +/- 0.0085682
	CLs = 0.0538646 +/- 0.00648818
	CLs = 0.0580645 +/- 0.00589561
	CLs = 0.0617936 +/- 0.00540337
	CLs = 0.0609375 +/- 0.0049118
	CLs      = 0.0609375 +/- 0.0049118
	CLb      = 0.838158 +/- 0.0133599
	CLsplusb = 0.0510753 +/- 0.00403557


 -- Hybrid New -- 
Limit: r < 12.0802 +/- 0.451602 @ 95% CL
Done in 0.00 min (cpu), 0.13 min (real)
