	CLs = 0.0646758 +/- 0.0123713
	CLs = 0.0669856 +/- 0.00888703
	CLs = 0.063172 +/- 0.00706035
	CLs = 0.0614012 +/- 0.00604277
	CLs = 0.0661048 +/- 0.00558598
	CLs = 0.0655426 +/- 0.00508143
	CLs      = 0.0655426 +/- 0.00508143
	CLb      = 0.840789 +/- 0.0132716
	CLsplusb = 0.0551075 +/- 0.00418293


 -- Hybrid New -- 
Limit: r < 29.3553 +/- 0.774721 @ 95% CL
Done in 0.01 min (cpu), 0.20 min (real)
