	CLs = 0.0366569 +/- 0.00944712
	CLs = 0.0442584 +/- 0.00724154
	CLs = 0.0394322 +/- 0.00561286
	CLs = 0.0392649 +/- 0.0048098
	CLs      = 0.0392649 +/- 0.0048098
	CLb      = 0.847222 +/- 0.0160256
	CLsplusb = 0.0332661 +/- 0.00402609


 -- Hybrid New -- 
Limit: r < 24.5557 +/- 0.211551 @ 95% CL
Done in 0.01 min (cpu), 0.23 min (real)
