	CLs = 0.0657689 +/- 0.0123172
	CLs = 0.0885167 +/- 0.0101921
	CLs      = 0.0885167 +/- 0.0101921
	CLb      = 0.842742 +/- 0.0231168
	CLsplusb = 0.0745968 +/- 0.00834199


 -- Hybrid New -- 
Limit: r < 16.3009 +/- 0.626612 @ 95% CL
Done in 0.00 min (cpu), 0.14 min (real)
