	CLs = 0.0311402 +/- 0.00861153
	CLs = 0.0389151 +/- 0.00673801
	CLs = 0.0388142 +/- 0.00551808
	CLs = 0.0362903 +/- 0.00462573
	CLs      = 0.0362903 +/- 0.00462573
	CLb      = 0.847222 +/- 0.0160256
	CLsplusb = 0.030746 +/- 0.00387563


 -- Hybrid New -- 
Limit: r < 25.783 +/- 0.267941 @ 95% CL
Done in 0.01 min (cpu), 0.21 min (real)
