	CLs = 0.0540244 +/- 0.0111816
	CLs = 0.0534884 +/- 0.00781552
	CLs = 0.0607731 +/- 0.00692676
	CLs = 0.0632071 +/- 0.00612989
	CLs = 0.0607214 +/- 0.00535062
	CLs = 0.0606519 +/- 0.00488601
	CLs      = 0.0606519 +/- 0.00488601
	CLb      = 0.842105 +/- 0.013227
	CLsplusb = 0.0510753 +/- 0.00403557


 -- Hybrid New -- 
Limit: r < 15.2644 +/- 0.258461 @ 95% CL
Done in 0.01 min (cpu), 0.19 min (real)
