	CLs = 0.033871 +/- 0.00903023
	CLs = 0.0358852 +/- 0.00652653
	CLs = 0.040782 +/- 0.00568624
	CLs = 0.0387608 +/- 0.00478564
	CLs      = 0.0387608 +/- 0.00478564
	CLb      = 0.845238 +/- 0.0161104
	CLsplusb = 0.0327621 +/- 0.00399652


 -- Hybrid New -- 
Limit: r < 13.1017 +/- 0.283785 @ 95% CL
Done in 0.00 min (cpu), 0.10 min (real)
