	CLs = 0.0335356 +/- 0.00893459
	CLs = 0.0454545 +/- 0.0073378
	CLs = 0.0511774 +/- 0.00636288
	CLs = 0.0527237 +/- 0.0055882
	CLs = 0.0528911 +/- 0.00501551
	CLs = 0.0575496 +/- 0.00476571
	CLs      = 0.0575496 +/- 0.00476571
	CLb      = 0.840789 +/- 0.0132716
	CLsplusb = 0.0483871 +/- 0.00393349


 -- HybridNew, before fit -- 
Limit: r < 12.8365 +/- 10 [12.4354, 16.4183]
Fit to 4 points: 14.4447 +/- 0.45804

 -- Hybrid New -- 
Limit: r < 14.4447 +/- 0.45804 @ 95% CL
Done in 0.01 min (cpu), 0.36 min (real)
