	CLs = 0.0766528 +/- 0.0134529
	CLs = 0.076555 +/- 0.00949078
	CLs = 0.0810509 +/- 0.00794835
	CLs      = 0.0810509 +/- 0.00794835
	CLb      = 0.845745 +/- 0.0186271
	CLsplusb = 0.0685484 +/- 0.00655054


 -- Hybrid New -- 
Limit: r < 23.7968 +/- 0.764547 @ 95% CL
Done in 0.00 min (cpu), 0.11 min (real)
