	CLs = 0.0503034 +/- 0.0109253
	CLs = 0.0394737 +/- 0.00684244
	CLs = 0.0329593 +/- 0.00506154
	CLs      = 0.0329593 +/- 0.00506154
	CLb      = 0.856383 +/- 0.018086
	CLsplusb = 0.0282258 +/- 0.00429343

Fit to 13 points: 7171.74 +/- 13855.6

 -- Hybrid New -- 
Limit: r < 20 +/- 2.5 @ 95% CL
Done in 0.02 min (cpu), 1.06 min (real)
