	CLs = 0.0435484 +/- 0.0102321
	CLs = 0.0538278 +/- 0.00797788
	CLs = 0.0505376 +/- 0.00633557
	CLs = 0.0509263 +/- 0.00549321
	CLs = 0.0555663 +/- 0.00512745
	CLs = 0.0570607 +/- 0.00474108
	CLs      = 0.0570607 +/- 0.00474108
	CLb      = 0.842105 +/- 0.013227
	CLsplusb = 0.0480511 +/- 0.0039205


 -- HybridNew, before fit -- 
Limit: r < 15.9144 +/- 1.04719 [14.7641, 20]
Fit to 5 points: 16.7701 +/- 0.394443

 -- Hybrid New -- 
Limit: r < 16.7701 +/- 0.394443 @ 95% CL
Done in 0.01 min (cpu), 0.33 min (real)
