	CLs = 0.059885 +/- 0.0119097
	CLs = 0.0550239 +/- 0.00806499
	CLs = 0.0534073 +/- 0.00648592
	CLs = 0.0599133 +/- 0.00595236
	CLs = 0.0635901 +/- 0.00547373
	CLs = 0.0639446 +/- 0.00504
	CLs = 0.0607815 +/- 0.00452361
	CLs      = 0.0607815 +/- 0.00452361
	CLb      = 0.843468 +/- 0.0121935
	CLsplusb = 0.0512673 +/- 0.00374285


 -- Hybrid New -- 
Limit: r < 8.47279 +/- 0.321606 @ 95% CL
Done in 0.00 min (cpu), 0.13 min (real)
