	CLs = 0.041129 +/- 0.00994558
	CLs = 0.032767 +/- 0.00629016
	CLs = 0.0295869 +/- 0.004849
	CLs      = 0.0295869 +/- 0.004849
	CLb      = 0.840426 +/- 0.0188859
	CLsplusb = 0.0248656 +/- 0.00403673


 -- Hybrid New -- 
Limit: r < 12.6335 +/- 0.15793 @ 95% CL
Done in 0.00 min (cpu), 0.13 min (real)
