	CLs = 0.0464321 +/- 0.0106271
	CLs = 0.0678571 +/- 0.00891629
	CLs = 0.0591738 +/- 0.00683616
	CLs = 0.0563185 +/- 0.0057733
	CLs = 0.0504869 +/- 0.00490142
	CLs      = 0.0504869 +/- 0.00490142
	CLb      = 0.838608 +/- 0.014634
	CLsplusb = 0.0423387 +/- 0.00404342

Fit to 10 points: 63.2195 +/- 2.05665

 -- Hybrid New -- 
Limit: r < 63.2195 +/- 2.05665 @ 95% CL
Done in 0.02 min (cpu), 0.79 min (real)
