	CLs = 0.0550942 +/- 0.0114285
	CLs = 0.0430622 +/- 0.00714393
	CLs = 0.0575745 +/- 0.00674429
	CLs = 0.0599133 +/- 0.00595236
	CLs = 0.0629884 +/- 0.00546763
	CLs = 0.0617525 +/- 0.00492468
	CLs      = 0.0617525 +/- 0.00492468
	CLb      = 0.843421 +/- 0.013182
	CLsplusb = 0.0520833 +/- 0.00407303


 -- Hybrid New -- 
Limit: r < 17.7366 +/- 0.566292 @ 95% CL
Done in 0.00 min (cpu), 0.15 min (real)
