	CLs = 0.0287448 +/- 0.00827555
	CLs = 0.0488095 +/- 0.00757913
	CLs = 0.0422501 +/- 0.00584131
	CLs = 0.0378095 +/- 0.00470153
	CLs      = 0.0378095 +/- 0.00470153
	CLb      = 0.853175 +/- 0.0157654
	CLsplusb = 0.0322581 +/- 0.00396669


 -- Hybrid New -- 
Limit: r < 11.9368 +/- 0.445676 @ 95% CL
Done in 0.00 min (cpu), 0.08 min (real)
