	CLs = 0.0562072 +/- 0.0116865
	CLs = 0.0538278 +/- 0.00797788
	CLs = 0.0684028 +/- 0.00737286
	CLs = 0.0576527 +/- 0.005849
	CLs = 0.055776 +/- 0.00514894
	CLs = 0.0599475 +/- 0.0048627
	CLs      = 0.0599475 +/- 0.0048627
	CLb      = 0.840789 +/- 0.0132716
	CLsplusb = 0.0504032 +/- 0.00401035


 -- Hybrid New -- 
Limit: r < 17.7041 +/- 0.535439 @ 95% CL
Done in 0.01 min (cpu), 0.14 min (real)
