	CLs = 0.0526988 +/- 0.0111799
	CLs = 0.0485782 +/- 0.00753968
	CLs = 0.0479788 +/- 0.00616291
	CLs = 0.0428415 +/- 0.00506394
	CLs = 0.0405425 +/- 0.00440651
	CLs      = 0.0405425 +/- 0.00440651
	CLb      = 0.835443 +/- 0.0147488
	CLsplusb = 0.033871 +/- 0.0036325

Fit to 13 points: 6619.38 +/- 24647.9

 -- Hybrid New -- 
Limit: r < 20 +/- 2.5 @ 95% CL
Done in 0.02 min (cpu), 1.05 min (real)
