	CLs = 0.071862 +/- 0.0130316
	CLs = 0.0753589 +/- 0.00941756
	CLs = 0.0705923 +/- 0.00747299
	CLs = 0.073267 +/- 0.00658288
	CLs      = 0.073267 +/- 0.00658288
	CLb      = 0.839286 +/- 0.0163594
	CLsplusb = 0.0614919 +/- 0.00539333


 -- Hybrid New -- 
Limit: r < 36.8509 +/- 1.08487 @ 95% CL
Done in 0.00 min (cpu), 0.14 min (real)
