	CLs = 0.0790482 +/- 0.0136583
	CLs = 0.0873206 +/- 0.0101243
	CLs      = 0.0873206 +/- 0.0101243
	CLb      = 0.842742 +/- 0.0231168
	CLsplusb = 0.0735887 +/- 0.00828995


 -- Hybrid New -- 
Limit: r < 17.7561 +/- 0.788813 @ 95% CL
Done in 0.00 min (cpu), 0.04 min (real)
