	CLs = 0.0798387 +/- 0.0138178
	CLs = 0.0797619 +/- 0.00965315
	CLs      = 0.0797619 +/- 0.00965315
	CLb      = 0.846774 +/- 0.022873
	CLsplusb = 0.0675403 +/- 0.00796784


 -- Hybrid New -- 
Limit: r < 27.7374 +/- 0.767418 @ 95% CL
Done in 0.00 min (cpu), 0.10 min (real)
