	CLs = 0.0407218 +/- 0.00983877
	CLs = 0.0490431 +/- 0.007619
	CLs = 0.0535763 +/- 0.00650865
	CLs = 0.0521245 +/- 0.00555673
	CLs = 0.0609501 +/- 0.00537321
	CLs = 0.0566616 +/- 0.00472469
	CLs      = 0.0566616 +/- 0.00472469
	CLb      = 0.842105 +/- 0.013227
	CLsplusb = 0.0477151 +/- 0.00390746


 -- HybridNew, before fit -- 
Limit: r < 11.2177 +/- 10 [10.8672, 12.3155]
Fit to 4 points: 11.7323 +/- 0.14925

 -- Hybrid New -- 
Limit: r < 11.7323 +/- 0.14925 @ 95% CL
Done in 0.01 min (cpu), 0.38 min (real)
