	CLs = 0.0574896 +/- 0.0116717
	CLs = 0.0595238 +/- 0.00835914
	CLs = 0.0621756 +/- 0.00699123
	CLs = 0.0762697 +/- 0.0067143
	CLs      = 0.0762697 +/- 0.0067143
	CLb      = 0.839286 +/- 0.0163594
	CLsplusb = 0.0640121 +/- 0.00549535


 -- Hybrid New -- 
Limit: r < 25.8332 +/- 1.04144 @ 95% CL
Done in 0.01 min (cpu), 0.16 min (real)
