	CLs = 0.056926 +/- 0.0115436
	CLs = 0.0525701 +/- 0.00777163
	CLs = 0.0564178 +/- 0.00665097
	CLs = 0.0567837 +/- 0.00578834
	CLs = 0.0543335 +/- 0.00508268
	CLs = 0.0510753 +/- 0.00448858
	CLs      = 0.0510753 +/- 0.00448858
	CLb      = 0.842105 +/- 0.013227
	CLsplusb = 0.0430108 +/- 0.00371899


 -- HybridNew, before fit -- 
Limit: r < 38.2546 +/- 22.4774 [28.6909, 44.9547]
Fit to 6 points: 38.178 +/- 0.927668

 -- Hybrid New -- 
Limit: r < 38.178 +/- 0.927668 @ 95% CL
Done in 0.01 min (cpu), 0.36 min (real)
