	CLs = 0.0622804 +/- 0.0121428
	CLs = 0.0666667 +/- 0.00883899
	CLs = 0.0625627 +/- 0.00709771
	CLs = 0.0630577 +/- 0.00611357
	CLs = 0.0705486 +/- 0.00577485
	CLs      = 0.0705486 +/- 0.00577485
	CLb      = 0.84019 +/- 0.0145758
	CLsplusb = 0.0592742 +/- 0.00474175


 -- Hybrid New -- 
Limit: r < 66.9138 +/- 3.28344 @ 95% CL
Done in 0.01 min (cpu), 0.25 min (real)
