	CLs = 0.0646758 +/- 0.0123713
	CLs = 0.0456731 +/- 0.00737633
	CLs = 0.0418515 +/- 0.00571718
	CLs = 0.0376565 +/- 0.00472403
	CLs      = 0.0376565 +/- 0.00472403
	CLb      = 0.843254 +/- 0.0161943
	CLsplusb = 0.031754 +/- 0.0039366


 -- Hybrid New -- 
Limit: r < 22.7414 +/- 0.201467 @ 95% CL
Done in 0.01 min (cpu), 0.20 min (real)
