	CLs = 0.0629032 +/- 0.0122802
	CLs = 0.0837321 +/- 0.00991795
	CLs      = 0.0837321 +/- 0.00991795
	CLb      = 0.842742 +/- 0.0231168
	CLsplusb = 0.0705645 +/- 0.00813106


 -- Hybrid New -- 
Limit: r < 15.2898 +/- 0.636402 @ 95% CL
Done in 0.01 min (cpu), 0.18 min (real)
