	CLs = 0.0782732 +/- 0.0135024
	CLs = 0.0841232 +/- 0.00987634
	CLs      = 0.0841232 +/- 0.00987634
	CLb      = 0.850806 +/- 0.0226237
	CLsplusb = 0.0715726 +/- 0.00818449


 -- Hybrid New -- 
Limit: r < 8.86375 +/- 0.390114 @ 95% CL
Done in 0.00 min (cpu), 0.05 min (real)
