	CLs = 0.0680444 +/- 0.013107
	CLs = 0.0829327 +/- 0.00990347
	CLs      = 0.0829327 +/- 0.00990347
	CLb      = 0.83871 +/- 0.0233552
	CLsplusb = 0.0695565 +/- 0.00807715


 -- Hybrid New -- 
Limit: r < 17.7012 +/- 0.780228 @ 95% CL
Done in 0.00 min (cpu), 0.04 min (real)
