	CLs = 0.0766528 +/- 0.0134529
	CLs = 0.075 +/- 0.00936587
	CLs = 0.0860893 +/- 0.00820437
	CLs      = 0.0860893 +/- 0.00820437
	CLb      = 0.843085 +/- 0.0187575
	CLsplusb = 0.0725806 +/- 0.00672585


 -- Hybrid New -- 
Limit: r < 42.9696 +/- 1.88679 @ 95% CL
Done in 0.00 min (cpu), 0.10 min (real)
