	CLs = 0.0910252 +/- 0.0146399
	CLs = 0.0849282 +/- 0.00998724
	CLs      = 0.0849282 +/- 0.00998724
	CLb      = 0.842742 +/- 0.0231168
	CLsplusb = 0.0715726 +/- 0.00818449


 -- Hybrid New -- 
Limit: r < 8.95409 +/- 0.301048 @ 95% CL
Done in 0.00 min (cpu), 0.08 min (real)
