	CLs = 0.0513196 +/- 0.0111696
	CLs = 0.0444162 +/- 0.00751242
	CLs = 0.0386168 +/- 0.00569251
	CLs = 0.035418 +/- 0.00463922
	CLs      = 0.035418 +/- 0.00463922
	CLb      = 0.825397 +/- 0.0169099
	CLsplusb = 0.0292339 +/- 0.00378207


 -- Hybrid New -- 
Limit: r < 12.3736 +/- 0.215362 @ 95% CL
Done in 0.00 min (cpu), 0.11 min (real)
