	CLs = 0.0782732 +/- 0.0135024
	CLs = 0.0586124 +/- 0.0083206
	CLs = 0.0550015 +/- 0.00658084
	CLs = 0.0555882 +/- 0.00572787
	CLs = 0.0546083 +/- 0.0050836
	CLs = 0.0521176 +/- 0.0045466
	CLs      = 0.0521176 +/- 0.0045466
	CLb      = 0.838158 +/- 0.0133599
	CLsplusb = 0.0436828 +/- 0.00374662


 -- HybridNew, before fit -- 
Limit: r < 13.3945 +/- 10 [11.7202, 14.2202]
Fit to 5 points: 12.8151 +/- 0.205985

 -- Hybrid New -- 
Limit: r < 12.8151 +/- 0.205985 @ 95% CL
Done in 0.01 min (cpu), 0.32 min (real)
