	CLs = 0.0526988 +/- 0.0111799
	CLs = 0.0628019 +/- 0.00866151
	CLs = 0.0639819 +/- 0.00716247
	CLs = 0.0647063 +/- 0.00618262
	CLs = 0.0678278 +/- 0.00569854
	CLs      = 0.0678278 +/- 0.00569854
	CLb      = 0.832278 +/- 0.0148618
	CLsplusb = 0.0564516 +/- 0.00463441


 -- Hybrid New -- 
Limit: r < 80.5435 +/- 2.7996 @ 95% CL
Done in 0.01 min (cpu), 0.16 min (real)
