	CLs = 0.0622804 +/- 0.0121428
	CLs = 0.0414692 +/- 0.00697255
	CLs = 0.0351844 +/- 0.00528472
	CLs = 0.0383445 +/- 0.00477313
	CLs      = 0.0383445 +/- 0.00477313
	CLb      = 0.84127 +/- 0.0162773
	CLsplusb = 0.0322581 +/- 0.00396669


 -- Hybrid New -- 
Limit: r < 22.9143 +/- 0.786688 @ 95% CL
Done in 0.00 min (cpu), 0.09 min (real)
