	CLs = 0.0493746 +/- 0.0110244
	CLs = 0.0456731 +/- 0.00737633
	CLs = 0.044592 +/- 0.00586656
	CLs = 0.0389882 +/- 0.00485945
	CLs      = 0.0389882 +/- 0.00485945
	CLb      = 0.827381 +/- 0.0168338
	CLsplusb = 0.0322581 +/- 0.00396669


 -- Hybrid New -- 
Limit: r < 7.96387 +/- 0.186433 @ 95% CL
Done in 0.00 min (cpu), 0.10 min (real)
