	CLs = 0.0399069 +/- 0.00997351
	CLs = 0.0649038 +/- 0.00877664
	CLs = 0.0695692 +/- 0.0074042
	CLs = 0.0632071 +/- 0.00612989
	CLs = 0.0669614 +/- 0.00564191
	CLs      = 0.0669614 +/- 0.00564191
	CLb      = 0.837025 +/- 0.0146917
	CLsplusb = 0.0560484 +/- 0.00461882


 -- Hybrid New -- 
Limit: r < 22.3873 +/- 0.86154 @ 95% CL
Done in 0.01 min (cpu), 0.19 min (real)
