	CLs = 0.0459677 +/- 0.0105107
	CLs = 0.0390995 +/- 0.00677247
	CLs = 0.0319858 +/- 0.00504048
	CLs      = 0.0319858 +/- 0.00504048
	CLb      = 0.840426 +/- 0.0188859
	CLsplusb = 0.0268817 +/- 0.00419286


 -- Hybrid New -- 
Limit: r < 7.39917 +/- 0.259498 @ 95% CL
Done in 0.00 min (cpu), 0.08 min (real)
