	CLs = 0.0498102 +/- 0.010807
	CLs = 0.0559524 +/- 0.00810792
	CLs = 0.080731 +/- 0.00801772
	CLs      = 0.080731 +/- 0.00801772
	CLb      = 0.832447 +/- 0.0192602
	CLsplusb = 0.0672043 +/- 0.00649068


 -- Hybrid New -- 
Limit: r < 17.8323 +/- 0.418776 @ 95% CL
Done in 0.00 min (cpu), 0.15 min (real)
