	CLs = 0.0292449 +/- 0.00884865
	CLs = 0.0745192 +/- 0.00939545
	CLs = 0.0852823 +/- 0.00811421
	CLs      = 0.0852823 +/- 0.00811421
	CLb      = 0.851064 +/- 0.0183606
	CLsplusb = 0.0725806 +/- 0.00672585


 -- Hybrid New -- 
Limit: r < 16.3639 +/- 0.53559 @ 95% CL
Done in 0.01 min (cpu), 0.20 min (real)
