	CLs = 0.0870968 +/- 0.0144245
	CLs = 0.0745192 +/- 0.00939545
	CLs = 0.0733354 +/- 0.00758322
	CLs      = 0.0733354 +/- 0.00758322
	CLb      = 0.843085 +/- 0.0187575
	CLsplusb = 0.061828 +/- 0.00624356


 -- Hybrid New -- 
Limit: r < 22.339 +/- 1.02556 @ 95% CL
Done in 0.00 min (cpu), 0.08 min (real)
