	CLs = 0.0704666 +/- 0.0127411
	CLs = 0.0705742 +/- 0.00911842
	CLs = 0.0623724 +/- 0.00701612
	CLs = 0.0588538 +/- 0.00590887
	CLs = 0.0530914 +/- 0.00503651
	CLs = 0.0573294 +/- 0.00476595
	CLs      = 0.0573294 +/- 0.00476595
	CLb      = 0.838158 +/- 0.0133599
	CLsplusb = 0.0480511 +/- 0.0039205


 -- HybridNew, before fit -- 
Limit: r < 16.363 +/- 10.662 [15.3403, 18.8435]
Fit to 5 points: 17.2044 +/- 0.352403

 -- Hybrid New -- 
Limit: r < 17.2044 +/- 0.352403 @ 95% CL
Done in 0.01 min (cpu), 0.56 min (real)
