	CLs = 0.083839 +/- 0.0140597
	CLs = 0.0797619 +/- 0.00965315
	CLs      = 0.0797619 +/- 0.00965315
	CLb      = 0.846774 +/- 0.022873
	CLsplusb = 0.0675403 +/- 0.00796784


 -- Hybrid New -- 
Limit: r < 34.5916 +/- 1.70451 @ 95% CL
Done in 0.00 min (cpu), 0.08 min (real)
