	CLs = 0.0317693 +/- 0.00879698
	CLs = 0.0490431 +/- 0.007619
	CLs = 0.0551756 +/- 0.00660396
	CLs = 0.0605124 +/- 0.00598165
	CLs = 0.0599903 +/- 0.00533129
	CLs = 0.0606717 +/- 0.00486772
	CLs      = 0.0606717 +/- 0.00486772
	CLb      = 0.847368 +/- 0.0130452
	CLsplusb = 0.0514113 +/- 0.0040481


 -- Hybrid New -- 
Limit: r < 17.1363 +/- 0.736599 @ 95% CL
Done in 0.00 min (cpu), 0.15 min (real)
