	CLs = 0.0735294 +/- 0.0130941
	CLs = 0.062201 +/- 0.0085682
	CLs = 0.0513398 +/- 0.00638515
	CLs = 0.0629089 +/- 0.00609735
	CLs = 0.0656258 +/- 0.005566
	CLs = 0.0643436 +/- 0.00503541
	CLs = 0.0644544 +/- 0.00466815
	CLs      = 0.0644544 +/- 0.00466815
	CLb      = 0.84009 +/- 0.0122997
	CLsplusb = 0.0541475 +/- 0.0038407


 -- Hybrid New -- 
Limit: r < 34.9846 +/- 1.40291 @ 95% CL
Done in 0.01 min (cpu), 0.17 min (real)
