	CLs = 0.0366569 +/- 0.00944712
	CLs = 0.0430622 +/- 0.00714393
	CLs = 0.0567749 +/- 0.00669786
	CLs = 0.0543928 +/- 0.00566672
	CLs = 0.0566308 +/- 0.00518174
	CLs = 0.049234 +/- 0.00441617
	CLs      = 0.049234 +/- 0.00441617
	CLb      = 0.839474 +/- 0.0133159
	CLsplusb = 0.0413306 +/- 0.00364883


 -- HybridNew, before fit -- 
Limit: r < 61.9991 +/- 4.50729 [59.7313, 70.9995]
Fit to 4 points: 64.6296 +/- 0.831439

 -- Hybrid New -- 
Limit: r < 64.6296 +/- 0.831439 @ 95% CL
Done in 0.01 min (cpu), 0.45 min (real)
