	CLs = 0.085389 +/- 0.0140911
	CLs = 0.069378 +/- 0.00904199
	CLs = 0.0719682 +/- 0.00752886
	CLs = 0.0728386 +/- 0.00657405
	CLs      = 0.0728386 +/- 0.00657405
	CLb      = 0.837302 +/- 0.0164406
	CLsplusb = 0.0609879 +/- 0.00537263

Fit to 11 points: 9.45859 +/- 0.0903085

 -- Hybrid New -- 
Limit: r < 9.45859 +/- 0.0903085 @ 95% CL
Done in 0.02 min (cpu), 1.05 min (real)
