	CLs = 0.0503034 +/- 0.0109253
	CLs = 0.0700483 +/- 0.00914177
	CLs = 0.0815639 +/- 0.00800693
	CLs      = 0.0815639 +/- 0.00800693
	CLb      = 0.840426 +/- 0.0188859
	CLsplusb = 0.0685484 +/- 0.00655054


 -- Hybrid New -- 
Limit: r < 21.2471 +/- 0.979025 @ 95% CL
Done in 0.00 min (cpu), 0.11 min (real)
