	CLs = 0.0545541 +/- 0.0113037
	CLs = 0.05 +/- 0.00766993
	CLs = 0.0591738 +/- 0.00683616
	CLs = 0.0552505 +/- 0.00572729
	CLs = 0.0608356 +/- 0.00536189
	CLs = 0.0611464 +/- 0.00491044
	CLs      = 0.0611464 +/- 0.00491044
	CLb      = 0.840789 +/- 0.0132716
	CLsplusb = 0.0514113 +/- 0.0040481


 -- Hybrid New -- 
Limit: r < 34.0657 +/- 1.52531 @ 95% CL
Done in 0.00 min (cpu), 0.11 min (real)
