	CLs = 0.0366569 +/- 0.00944712
	CLs = 0.0358852 +/- 0.00652653
	CLs = 0.0447802 +/- 0.00595595
	CLs = 0.038852 +/- 0.00479777
	CLs      = 0.038852 +/- 0.00479777
	CLb      = 0.843254 +/- 0.0161943
	CLsplusb = 0.0327621 +/- 0.00399652


 -- Hybrid New -- 
Limit: r < 22.9158 +/- 0.852336 @ 95% CL
Done in 0.00 min (cpu), 0.13 min (real)
