	CLs = 0.0459677 +/- 0.0105107
	CLs = 0.0511905 +/- 0.0077596
	CLs = 0.045436 +/- 0.00598771
	CLs = 0.0593141 +/- 0.00592291
	CLs = 0.0550873 +/- 0.00510557
	CLs = 0.0631447 +/- 0.00498893
	CLs      = 0.0631447 +/- 0.00498893
	CLb      = 0.840789 +/- 0.0132716
	CLsplusb = 0.0530914 +/- 0.00411007


 -- Hybrid New -- 
Limit: r < 40.4098 +/- 1.35806 @ 95% CL
Done in 0.01 min (cpu), 0.15 min (real)
