	CLs = 0.0280136 +/- 0.00845462
	CLs = 0.041866 +/- 0.00704492
	CLs = 0.0263883 +/- 0.00458094
	CLs      = 0.0263883 +/- 0.00458094
	CLb      = 0.840426 +/- 0.0188859
	CLsplusb = 0.0221774 +/- 0.00381754


 -- Hybrid New -- 
Limit: r < 21.9598 +/- 0.708972 @ 95% CL
Done in 0.00 min (cpu), 0.09 min (real)
