	CLs = 0.0646758 +/- 0.0123713
	CLs = 0.0813397 +/- 0.00977778
	CLs      = 0.0813397 +/- 0.00977778
	CLb      = 0.842742 +/- 0.0231168
	CLsplusb = 0.0685484 +/- 0.00802274


 -- Hybrid New -- 
Limit: r < 19.2237 +/- 0.682471 @ 95% CL
Done in 0.01 min (cpu), 0.12 min (real)
