	CLs = 0.0646758 +/- 0.0123713
	CLs = 0.0610048 +/- 0.00848651
	CLs = 0.0607731 +/- 0.00692676
	CLs = 0.0662169 +/- 0.00627226
	CLs = 0.0662293 +/- 0.00559789
	CLs = 0.0644445 +/- 0.00504431
	CLs = 0.0605025 +/- 0.00453234
	CLs      = 0.0605025 +/- 0.00453234
	CLb      = 0.837838 +/- 0.0123694
	CLsplusb = 0.0506912 +/- 0.00372289


 -- Hybrid New -- 
Limit: r < 17.6089 +/- 0.575326 @ 95% CL
Done in 0.00 min (cpu), 0.13 min (real)
