	CLs = 0.0640417 +/- 0.0122337
	CLs = 0.0502392 +/- 0.00771035
	CLs = 0.0559752 +/- 0.00665109
	CLs = 0.0437367 +/- 0.00509471
	CLs = 0.0561509 +/- 0.00516
	CLs = 0.0565276 +/- 0.0047329
	CLs      = 0.0565276 +/- 0.0047329
	CLb      = 0.838158 +/- 0.0133599
	CLsplusb = 0.047379 +/- 0.00389437


 -- HybridNew, before fit -- 
Limit: r < 11.9622 +/- 1.76058 [11.5796, 12.9669]
Fit to 4 points: 12.4303 +/- 0.179202

 -- Hybrid New -- 
Limit: r < 12.4303 +/- 0.179202 @ 95% CL
Done in 0.01 min (cpu), 0.45 min (real)
