	CLs = 0.0498102 +/- 0.010807
	CLs = 0.025 +/- 0.00543948
	CLs      = 0.025 +/- 0.00543948
	CLb      = 0.846774 +/- 0.022873
	CLsplusb = 0.0211694 +/- 0.00457037


 -- Hybrid New -- 
Limit: r < 10.8997 +/- 0.286884 @ 95% CL
Done in 0.00 min (cpu), 0.08 min (real)
