	CLs = 0.0516755 +/- 0.0109393
	CLs = 0.0746445 +/- 0.00931474
	CLs = 0.0738994 +/- 0.0075961
	CLs      = 0.0738994 +/- 0.0075961
	CLb      = 0.845745 +/- 0.0186271
	CLsplusb = 0.0625 +/- 0.00627515


 -- Hybrid New -- 
Limit: r < 11.9013 +/- 0.446218 @ 95% CL
Done in 0.00 min (cpu), 0.10 min (real)
