	CLs = 0.071862 +/- 0.0130316
	CLs = 0.062201 +/- 0.0085682
	CLs = 0.0573929 +/- 0.00672057
	CLs = 0.0665037 +/- 0.00626666
	CLs = 0.0541293 +/- 0.00506152
	CLs = 0.0595478 +/- 0.00484668
	CLs      = 0.0595478 +/- 0.00484668
	CLb      = 0.840789 +/- 0.0132716
	CLsplusb = 0.0500672 +/- 0.00399767


 -- HybridNew, before fit -- 
Limit: r < 10.7701 +/- 1.99024 [10.4094, 11.347]
Fit to 4 points: 10.9715 +/- 0.0711495

 -- Hybrid New -- 
Limit: r < 10.9715 +/- 0.0711495 @ 95% CL
Done in 0.01 min (cpu), 0.40 min (real)
