	CLs = 0.0622804 +/- 0.0121428
	CLs = 0.0649038 +/- 0.00877664
	CLs = 0.0583742 +/- 0.00679039
	CLs = 0.0617107 +/- 0.00603979
	CLs = 0.055671 +/- 0.00513817
	CLs = 0.0507555 +/- 0.00447891
	CLs      = 0.0507555 +/- 0.00447891
	CLb      = 0.840789 +/- 0.0132716
	CLsplusb = 0.0426747 +/- 0.00370509

Fit to 11 points: 5105.5 +/- 22561.2

 -- Hybrid New -- 
Limit: r < 16.1377 +/- 0.508723 @ 95% CL
Done in 0.02 min (cpu), 1.14 min (real)
