	CLs = 0.0684262 +/- 0.0128863
	CLs = 0.0801435 +/- 0.00970688
	CLs      = 0.0801435 +/- 0.00970688
	CLb      = 0.842742 +/- 0.0231168
	CLsplusb = 0.0675403 +/- 0.00796784


 -- Hybrid New -- 
Limit: r < 24.5566 +/- 0.753417 @ 95% CL
Done in 0.00 min (cpu), 0.08 min (real)
