	CLs = 0.0881821 +/- 0.0138413
	CLs = 0.0741627 +/- 0.00934373
	CLs = 0.0641748 +/- 0.00712975
	CLs = 0.0593141 +/- 0.00592291
	CLs = 0.0611806 +/- 0.005396
	CLs = 0.0607468 +/- 0.00489458
	CLs      = 0.0607468 +/- 0.00489458
	CLb      = 0.840789 +/- 0.0132716
	CLsplusb = 0.0510753 +/- 0.00403557


 -- Hybrid New -- 
Limit: r < 41.2711 +/- 0.651645 @ 95% CL
Done in 0.01 min (cpu), 0.19 min (real)
