	CLs = 0.033871 +/- 0.00903023
	CLs = 0.0236967 +/- 0.00528277
	CLs      = 0.0236967 +/- 0.00528277
	CLb      = 0.850806 +/- 0.0226237
	CLsplusb = 0.0201613 +/- 0.00446252


 -- Hybrid New -- 
Limit: r < 30.8536 +/- 0.908957 @ 95% CL
Done in 0.00 min (cpu), 0.07 min (real)
