	CLs = 0.0670712 +/- 0.0125954
	CLs = 0.0550239 +/- 0.00806499
	CLs = 0.0505376 +/- 0.00633557
	CLs = 0.0522478 +/- 0.00557123
	CLs = 0.0533494 +/- 0.00500809
	CLs = 0.0513158 +/- 0.00451187
	CLs      = 0.0513158 +/- 0.00451187
	CLb      = 0.838158 +/- 0.0133599
	CLsplusb = 0.0430108 +/- 0.00371899


 -- HybridNew, before fit -- 
Limit: r < 9.27364 +/- 5 [8.69404, 10]
Fit to 5 points: 9.21179 +/- 0.166386

 -- Hybrid New -- 
Limit: r < 9.21179 +/- 0.166386 @ 95% CL
Done in 0.01 min (cpu), 0.44 min (real)
