	CLs = 0.0317693 +/- 0.00879698
	CLs = 0.0507246 +/- 0.00779249
	CLs = 0.055527 +/- 0.0066507
	CLs = 0.0517696 +/- 0.00555394
	CLs = 0.0534728 +/- 0.00504854
	CLs = 0.0485095 +/- 0.00438803
	CLs      = 0.0485095 +/- 0.00438803
	CLb      = 0.838158 +/- 0.0133599
	CLsplusb = 0.0406586 +/- 0.00362031


 -- HybridNew, before fit -- 
Limit: r < 31.0713 +/- 20 [30.1003, 40]
Fit to 4 points: 33.019 +/- 0.885446

 -- Hybrid New -- 
Limit: r < 33.019 +/- 0.885446 @ 95% CL
Done in 0.01 min (cpu), 0.32 min (real)
