	CLs = 0.0670712 +/- 0.0125954
	CLs = 0.0588942 +/- 0.00836537
	CLs = 0.063172 +/- 0.00706035
	CLs = 0.0606555 +/- 0.0059975
	CLs = 0.0589195 +/- 0.00527791
	CLs = 0.0494792 +/- 0.00441869
	CLs      = 0.0494792 +/- 0.00441869
	CLb      = 0.842105 +/- 0.013227
	CLsplusb = 0.0416667 +/- 0.00366299


 -- HybridNew, before fit -- 
Limit: r < 30.4153 +/- 19.4277 [28.5143, 34.6353]
Fit to 5 points: 30.7764 +/- 0.434004

 -- Hybrid New -- 
Limit: r < 30.7764 +/- 0.434004 @ 95% CL
Done in 0.01 min (cpu), 0.54 min (real)
