	CLs = 0.0403226 +/- 0.00973421
	CLs = 0.0649038 +/- 0.00877664
	CLs = 0.0599735 +/- 0.00688162
	CLs = 0.0515254 +/- 0.00552506
	CLs = 0.0561509 +/- 0.00516
	CLs = 0.0585321 +/- 0.00481508
	CLs      = 0.0585321 +/- 0.00481508
	CLb      = 0.838158 +/- 0.0133599
	CLsplusb = 0.0490591 +/- 0.00395932


 -- HybridNew, before fit -- 
Limit: r < 23.1287 +/- 1.62178 [22.5099, 26.5644]
Fit to 4 points: 24.9653 +/- 0.48848

 -- Hybrid New -- 
Limit: r < 24.9653 +/- 0.48848 @ 95% CL
Done in 0.01 min (cpu), 0.34 min (real)
