	CLs = 0.0862344 +/- 0.0142559
	CLs = 0.0910194 +/- 0.0104365
	CLs      = 0.0910194 +/- 0.0104365
	CLb      = 0.830645 +/- 0.0238167
	CLsplusb = 0.0756048 +/- 0.00839359


 -- Hybrid New -- 
Limit: r < 34.7297 +/- 0.689772 @ 95% CL
Done in 0.01 min (cpu), 0.22 min (real)
