	CLs = 0.0550942 +/- 0.0114285
	CLs = 0.0502392 +/- 0.00771035
	CLs = 0.0578252 +/- 0.00671913
	CLs = 0.0555882 +/- 0.00572787
	CLs = 0.054881 +/- 0.00508436
	CLs = 0.0535531 +/- 0.00459928
	CLs      = 0.0535531 +/- 0.00459928
	CLb      = 0.840789 +/- 0.0132716
	CLsplusb = 0.0450269 +/- 0.00380115


 -- HybridNew, before fit -- 
Limit: r < 33.2192 +/- 1.69546 [31.7161, 38.6902]
Fit to 4 points: 34.6182 +/- 0.415169

 -- Hybrid New -- 
Limit: r < 34.6182 +/- 0.415169 @ 95% CL
Done in 0.01 min (cpu), 0.40 min (real)
