	CLs = 0.0469778 +/- 0.010437
	CLs = 0.0436321 +/- 0.00713003
	CLs = 0.0344939 +/- 0.00524249
	CLs = 0.0351829 +/- 0.00456136
	CLs      = 0.0351829 +/- 0.00456136
	CLb      = 0.845238 +/- 0.0161104
	CLsplusb = 0.0297379 +/- 0.00381354


 -- Hybrid New -- 
Limit: r < 30.7961 +/- 0.862287 @ 95% CL
Done in 0.01 min (cpu), 0.15 min (real)
