	CLs = 0.071862 +/- 0.0130316
	CLs = 0.062201 +/- 0.0085682
	CLs = 0.0559752 +/- 0.00665109
	CLs = 0.0567837 +/- 0.00578834
	CLs = 0.0545058 +/- 0.00507303
	CLs = 0.0528365 +/- 0.00457313
	CLs      = 0.0528365 +/- 0.00457313
	CLb      = 0.839474 +/- 0.0133159
	CLsplusb = 0.0443548 +/- 0.003774


 -- HybridNew, before fit -- 
Limit: r < 16.6994 +/- 0.977531 [15.1123, 18.3497]
Fit to 5 points: 17.0004 +/- 0.266648

 -- Hybrid New -- 
Limit: r < 17.0004 +/- 0.266648 @ 95% CL
Done in 0.01 min (cpu), 0.36 min (real)
