	CLs = 0.0439883 +/- 0.0103449
	CLs = 0.0574163 +/- 0.00823632
	CLs = 0.064977 +/- 0.0071736
	CLs = 0.0573814 +/- 0.00581833
	CLs = 0.0562568 +/- 0.00517083
	CLs = 0.0596412 +/- 0.00485517
	CLs      = 0.0596412 +/- 0.00485517
	CLb      = 0.839474 +/- 0.0133159
	CLsplusb = 0.0500672 +/- 0.00399767


 -- HybridNew, before fit -- 
Limit: r < 11.5659 +/- 10 [11.2045, 13.6744]
Fit to 4 points: 11.7368 +/- 0.0792688

 -- Hybrid New -- 
Limit: r < 11.7368 +/- 0.0792688 @ 95% CL
Done in 0.01 min (cpu), 0.34 min (real)
