	CLs = 0.0459677 +/- 0.0105107
	CLs = 0.0612981 +/- 0.00853238
	CLs = 0.0695692 +/- 0.0074042
	CLs = 0.0698737 +/- 0.00637247
	CLs      = 0.0698737 +/- 0.00637247
	CLb      = 0.85119 +/- 0.0158531
	CLsplusb = 0.0594758 +/- 0.00530988


 -- Hybrid New -- 
Limit: r < 8.71716 +/- 0.335881 @ 95% CL
Done in 0.00 min (cpu), 0.11 min (real)
