	CLs = 0.041129 +/- 0.00994558
	CLs = 0.0442584 +/- 0.00724154
	CLs = 0.0443591 +/- 0.00589497
	CLs = 0.0440243 +/- 0.00508996
	CLs = 0.0388006 +/- 0.00429267
	CLs      = 0.0388006 +/- 0.00429267
	CLb      = 0.841772 +/- 0.0145171
	CLsplusb = 0.0326613 +/- 0.00356928


 -- Hybrid New -- 
Limit: r < 15.6083 +/- 0.310029 @ 95% CL
Done in 0.00 min (cpu), 0.12 min (real)
