	CLs = 0.0407218 +/- 0.00983877
	CLs = 0.0511628 +/- 0.00764676
	CLs = 0.038383 +/- 0.00551785
	CLs = 0.0354324 +/- 0.00459599
	CLs      = 0.0354324 +/- 0.00459599
	CLb      = 0.839286 +/- 0.0163594
	CLsplusb = 0.0297379 +/- 0.00381354


 -- Hybrid New -- 
Limit: r < 7.88993 +/- 0.0680793 @ 95% CL
Done in 0.01 min (cpu), 0.22 min (real)
