	CLs = 0.0403226 +/- 0.0305225
	CLs = 0.0406699 +/- 0.00694445
	CLs = 0.0313848 +/- 0.00501118
	CLs      = 0.0313848 +/- 0.00501118
	CLb      = 0.835106 +/- 0.0191372
	CLsplusb = 0.0262097 +/- 0.00414154


 -- Hybrid New -- 
Limit: r < 12.0126 +/- 0.224268 @ 95% CL
Done in 0.00 min (cpu), 0.09 min (real)
