	CLs = 0.0574896 +/- 0.0116717
	CLs = 0.0440476 +/- 0.00720399
	CLs = 0.0550015 +/- 0.00658084
	CLs = 0.06037 +/- 0.00596588
	CLs = 0.0591418 +/- 0.00530017
	CLs = 0.0571499 +/- 0.00474934
	CLs      = 0.0571499 +/- 0.00474934
	CLb      = 0.840789 +/- 0.0132716
	CLsplusb = 0.0480511 +/- 0.0039205


 -- HybridNew, before fit -- 
Limit: r < 16.263 +/- 10 [14.2301, 17.1973]
Fit to 5 points: 16.1146 +/- 0.30015

 -- Hybrid New -- 
Limit: r < 16.1146 +/- 0.30015 @ 95% CL
Done in 0.01 min (cpu), 0.47 min (real)
