	CLs = 0.0407218 +/- 0.00983877
	CLs = 0.0562201 +/- 0.00815113
	CLs = 0.0695692 +/- 0.0074042
	CLs = 0.0765085 +/- 0.00670369
	CLs      = 0.0765085 +/- 0.00670369
	CLb      = 0.843254 +/- 0.0161943
	CLsplusb = 0.0645161 +/- 0.00551546


 -- Hybrid New -- 
Limit: r < 12.5325 +/- 0.459097 @ 95% CL
Done in 0.00 min (cpu), 0.13 min (real)
