	CLs = 0.0537634 +/- 0.011431
	CLs = 0.0574163 +/- 0.00823632
	CLs = 0.055527 +/- 0.0066507
	CLs = 0.0581159 +/- 0.00586355
	CLs = 0.0542312 +/- 0.00507208
	CLs = 0.0575496 +/- 0.00476571
	CLs      = 0.0575496 +/- 0.00476571
	CLb      = 0.840789 +/- 0.0132716
	CLsplusb = 0.0483871 +/- 0.00393349


 -- HybridNew, before fit -- 
Limit: r < 8.24654 +/- 0.587733 [7.95024, 9.12327]
Fit to 4 points: 8.57357 +/- 0.112944

 -- Hybrid New -- 
Limit: r < 8.57357 +/- 0.112944 @ 95% CL
Done in 0.01 min (cpu), 0.38 min (real)
