	CLs = 0.0407218 +/- 0.00983877
	CLs = 0.0583333 +/- 0.00827629
	CLs = 0.0619649 +/- 0.00702151
	CLs = 0.0620173 +/- 0.00603662
	CLs = 0.0688883 +/- 0.00572141
	CLs      = 0.0688883 +/- 0.00572141
	CLb      = 0.837025 +/- 0.0146917
	CLsplusb = 0.0576613 +/- 0.0046808


 -- Hybrid New -- 
Limit: r < 12.9462 +/- 0.141188 @ 95% CL
Done in 0.01 min (cpu), 0.18 min (real)
