	CLs = 0.059885 +/- 0.0119097
	CLs = 0.0685096 +/- 0.00901396
	CLs = 0.0721966 +/- 0.00755623
	CLs = 0.0747154 +/- 0.00662603
	CLs      = 0.0747154 +/- 0.00662603
	CLb      = 0.843254 +/- 0.0161943
	CLsplusb = 0.063004 +/- 0.00545484


 -- Hybrid New -- 
Limit: r < 42.048 +/- 1.87592 @ 95% CL
Done in 0.00 min (cpu), 0.10 min (real)
