	CLs = 0.0503034 +/- 0.0109253
	CLs = 0.0753589 +/- 0.00941756
	CLs = 0.0885213 +/- 0.00837171
	CLs      = 0.0885213 +/- 0.00837171
	CLb      = 0.835106 +/- 0.0191372
	CLsplusb = 0.0739247 +/- 0.00678292


 -- Hybrid New -- 
Limit: r < 45.43 +/- 2.15328 @ 95% CL
Done in 0.00 min (cpu), 0.11 min (real)
