	CLs = 0.0574896 +/- 0.0116717
	CLs = 0.0574163 +/- 0.00823632
	CLs = 0.0623724 +/- 0.00701612
	CLs = 0.0630577 +/- 0.00611357
	CLs = 0.0643096 +/- 0.00551731
	CLs = 0.063944 +/- 0.00501996
	CLs = 0.0640261 +/- 0.00466473
	CLs      = 0.0640261 +/- 0.00466473
	CLb      = 0.836712 +/- 0.0124039
	CLsplusb = 0.0535714 +/- 0.00382138


 -- Hybrid New -- 
Limit: r < 8.28094 +/- 0.381357 @ 95% CL
Done in 0.00 min (cpu), 0.13 min (real)
