	CLs = 0.0308349 +/- 0.00852169
	CLs = 0.0191388 +/- 0.00477489
	CLs      = 0.0191388 +/- 0.00477489
	CLb      = 0.842742 +/- 0.0231168
	CLsplusb = 0.016129 +/- 0.00399961


 -- Hybrid New -- 
Limit: r < 15.1853 +/- 0.270583 @ 95% CL
Done in 0.00 min (cpu), 0.09 min (real)
