	CLs = 0.0532258 +/- 0.0113041
	CLs = 0.0669856 +/- 0.00888703
	CLs = 0.0575745 +/- 0.00674429
	CLs = 0.0555882 +/- 0.00572787
	CLs = 0.0542312 +/- 0.00507208
	CLs = 0.0567503 +/- 0.00473292
	CLs      = 0.0567503 +/- 0.00473292
	CLb      = 0.840789 +/- 0.0132716
	CLsplusb = 0.0477151 +/- 0.00390746


 -- HybridNew, before fit -- 
Limit: r < 18.9095 +/- 12.1151 [18.3186, 21.5699]
Fit to 5 points: 20.1683 +/- 0.419488

 -- Hybrid New -- 
Limit: r < 20.1683 +/- 0.419488 @ 95% CL
Done in 0.01 min (cpu), 0.50 min (real)
