	CLs = 0.0759013 +/- 0.0133
	CLs = 0.069378 +/- 0.00904199
	CLs = 0.0687696 +/- 0.00736215
	CLs = 0.0668189 +/- 0.00630032
	CLs = 0.0664797 +/- 0.00562185
	CLs = 0.070738 +/- 0.00527596
	CLs      = 0.070738 +/- 0.00527596
	CLb      = 0.840789 +/- 0.0132716
	CLsplusb = 0.0594758 +/- 0.0043355


 -- Hybrid New -- 
Limit: r < 13.689 +/- 0.230967 @ 95% CL
Done in 0.00 min (cpu), 0.15 min (real)
