	CLs = 0.0664137 +/- 0.0124548
	CLs = 0.0625 +/- 0.00861461
	CLs = 0.0545486 +/- 0.00657958
	CLs = 0.0555882 +/- 0.00572787
	CLs = 0.0583308 +/- 0.00524568
	CLs = 0.0562149 +/- 0.00472452
	CLs      = 0.0562149 +/- 0.00472452
	CLb      = 0.836842 +/- 0.0134035
	CLsplusb = 0.047043 +/- 0.00388122


 -- HybridNew, before fit -- 
Limit: r < 31.1501 +/- 20 [30.1767, 35.5751]
Fit to 4 points: 32.2568 +/- 1.06477

 -- Hybrid New -- 
Limit: r < 32.2568 +/- 1.06477 @ 95% CL
Done in 0.01 min (cpu), 0.35 min (real)
