	CLs = 0.071862 +/- 0.0130316
	CLs = 0.0681818 +/- 0.00896487
	CLs = 0.0879611 +/- 0.00830934
	CLs      = 0.0879611 +/- 0.00830934
	CLb      = 0.840426 +/- 0.0188859
	CLsplusb = 0.0739247 +/- 0.00678292


 -- Hybrid New -- 
Limit: r < 17.9804 +/- 0.527481 @ 95% CL
Done in 0.00 min (cpu), 0.10 min (real)
