	CLs = 0.075 +/- 0.0133972
	CLs = 0.0758294 +/- 0.00938693
	CLs = 0.0727678 +/- 0.00756993
	CLs      = 0.0727678 +/- 0.00756993
	CLb      = 0.840426 +/- 0.0188859
	CLsplusb = 0.0611559 +/- 0.00621176


 -- Hybrid New -- 
Limit: r < 12.9463 +/- 0.550355 @ 95% CL
Done in 0.00 min (cpu), 0.09 min (real)
