	CLs = 0.0469778 +/- 0.010437
	CLs = 0.0408654 +/- 0.00698058
	CLs = 0.0431809 +/- 0.00584961
	CLs = 0.0420384 +/- 0.00500268
	CLs = 0.0408704 +/- 0.00441438
	CLs      = 0.0408704 +/- 0.00441438
	CLb      = 0.838608 +/- 0.014634
	CLsplusb = 0.0342742 +/- 0.00365329

Fit to 9 points: 23.4304 +/- 0.398978

 -- Hybrid New -- 
Limit: r < 23.4304 +/- 0.398978 @ 95% CL
Done in 0.02 min (cpu), 0.80 min (real)
