	CLs = 0.0646758 +/- 0.0123713
	CLs = 0.0511905 +/- 0.0077596
	CLs = 0.0503777 +/- 0.00631351
	CLs = 0.052496 +/- 0.00560046
	CLs = 0.0552952 +/- 0.00512695
	CLs = 0.0522723 +/- 0.00454026
	CLs      = 0.0522723 +/- 0.00454026
	CLb      = 0.842105 +/- 0.013227
	CLsplusb = 0.0440188 +/- 0.00376034


 -- HybridNew, before fit -- 
Limit: r < 16.2166 +/- 8.72863 [15.203, 17.4573]
Fit to 5 points: 16.3844 +/- 0.225618

 -- Hybrid New -- 
Limit: r < 16.3844 +/- 0.225618 @ 95% CL
Done in 0.01 min (cpu), 0.53 min (real)
