	CLs = 0.0483871 +/- 0.0107818
	CLs = 0.0462085 +/- 0.00735573
	CLs = 0.0545486 +/- 0.00657958
	CLs = 0.0527237 +/- 0.0055882
	CLs = 0.0597353 +/- 0.00533265
	CLs = 0.0596674 +/- 0.00483729
	CLs      = 0.0596674 +/- 0.00483729
	CLb      = 0.844737 +/- 0.0131368
	CLsplusb = 0.0504032 +/- 0.00401035


 -- HybridNew, before fit -- 
Limit: r < 16.1867 +/- 10 [15.6809, 20]
Fit to 4 points: 18.1389 +/- 0.595295

 -- Hybrid New -- 
Limit: r < 18.1389 +/- 0.595295 @ 95% CL
Done in 0.01 min (cpu), 0.34 min (real)
