	CLs = 0.033871 +/- 0.00903023
	CLs = 0.062201 +/- 0.0085682
	CLs = 0.0535763 +/- 0.00650865
	CLs = 0.0647063 +/- 0.00618262
	CLs = 0.0544038 +/- 0.0050625
	CLs = 0.0501988 +/- 0.00444614
	CLs      = 0.0501988 +/- 0.00444614
	CLb      = 0.843421 +/- 0.013182
	CLsplusb = 0.0423387 +/- 0.00369112


 -- HybridNew, before fit -- 
Limit: r < 17.4551 +/- 0.947838 [16.8711, 19.8583]
Fit to 4 points: 18.1253 +/- 0.210504

 -- Hybrid New -- 
Limit: r < 18.1253 +/- 0.210504 @ 95% CL
Done in 0.01 min (cpu), 0.31 min (real)
