	CLs = 0.0450664 +/- 0.0102852
	CLs = 0.0748792 +/- 0.00944774
	CLs = 0.0661613 +/- 0.00720859
	CLs = 0.0683011 +/- 0.00634953
	CLs = 0.0633497 +/- 0.00547654
	CLs = 0.0716495 +/- 0.00531472
	CLs      = 0.0716495 +/- 0.00531472
	CLb      = 0.839474 +/- 0.0133159
	CLsplusb = 0.0601478 +/- 0.00435836


 -- Hybrid New -- 
Limit: r < 8.75821 +/- 0.376829 @ 95% CL
Done in 0.00 min (cpu), 0.10 min (real)
