	CLs = 0.071862 +/- 0.0130316
	CLs = 0.0865385 +/- 0.0101129
	CLs      = 0.0865385 +/- 0.0101129
	CLb      = 0.83871 +/- 0.0233552
	CLsplusb = 0.0725806 +/- 0.00823745


 -- Hybrid New -- 
Limit: r < 18.0646 +/- 0.71355 @ 95% CL
Done in 0.00 min (cpu), 0.04 min (real)
