	CLs = 0.0545541 +/- 0.0113037
	CLs = 0.0612745 +/- 0.0086355
	CLs = 0.0727678 +/- 0.00756993
	CLs      = 0.0727678 +/- 0.00756993
	CLb      = 0.840426 +/- 0.0188859
	CLsplusb = 0.0611559 +/- 0.00621176


 -- Hybrid New -- 
Limit: r < 8.86876 +/- 0.356775 @ 95% CL
Done in 0.00 min (cpu), 0.07 min (real)
