	CLs = 0.059885 +/- 0.0119097
	CLs = 0.052381 +/- 0.00784821
	CLs = 0.0564178 +/- 0.00665097
	CLs = 0.0624571 +/- 0.00608477
	CLs = 0.0584405 +/- 0.00525669
	CLs = 0.0607468 +/- 0.00489458
	CLs      = 0.0607468 +/- 0.00489458
	CLb      = 0.840789 +/- 0.0132716
	CLsplusb = 0.0510753 +/- 0.00403557


 -- Hybrid New -- 
Limit: r < 32.212 +/- 1.32601 @ 95% CL
Done in 0.01 min (cpu), 0.28 min (real)
