	CLs = 0.0711575 +/- 0.0128848
	CLs = 0.0564904 +/- 0.0081948
	CLs = 0.0639717 +/- 0.0071043
	CLs = 0.058715 +/- 0.00589331
	CLs = 0.0633497 +/- 0.00547654
	CLs = 0.0661349 +/- 0.00509383
	CLs      = 0.0661349 +/- 0.00509383
	CLb      = 0.843421 +/- 0.013182
	CLsplusb = 0.0557796 +/- 0.00420686


 -- Hybrid New -- 
Limit: r < 17.4811 +/- 0.805785 @ 95% CL
Done in 0.00 min (cpu), 0.13 min (real)
