	CLs = 0.0646758 +/- 0.0123713
	CLs = 0.0540865 +/- 0.00802043
	CLs = 0.0423812 +/- 0.00579568
	CLs = 0.0503271 +/- 0.00546115
	CLs = 0.055671 +/- 0.00513817
	CLs = 0.0514743 +/- 0.00450588
	CLs      = 0.0514743 +/- 0.00450588
	CLb      = 0.842105 +/- 0.013227
	CLsplusb = 0.0433468 +/- 0.00373284


 -- HybridNew, before fit -- 
Limit: r < 32.1977 +/- 20 [31.1915, 36.0989]
Fit to 4 points: 33.2816 +/- 0.346728

 -- Hybrid New -- 
Limit: r < 33.2816 +/- 0.346728 @ 95% CL
Done in 0.01 min (cpu), 0.41 min (real)
