	CLs = 0.0362903 +/- 0.00934553
	CLs = 0.0681818 +/- 0.00896487
	CLs = 0.0545486 +/- 0.00657958
	CLs = 0.0522478 +/- 0.00557123
	CLs = 0.0561509 +/- 0.00516
	CLs = 0.0599475 +/- 0.0048627
	CLs      = 0.0599475 +/- 0.0048627
	CLb      = 0.840789 +/- 0.0132716
	CLsplusb = 0.0504032 +/- 0.00401035


 -- Hybrid New -- 
Limit: r < 18.2882 +/- 0.490678 @ 95% CL
Done in 0.01 min (cpu), 0.15 min (real)
