	CLs = 0.0374127 +/- 0.00965701
	CLs = 0.0400943 +/- 0.00683822
	CLs = 0.0403655 +/- 0.005689
	CLs = 0.0396362 +/- 0.00485886
	CLs      = 0.0396362 +/- 0.00485886
	CLb      = 0.839286 +/- 0.0163594
	CLsplusb = 0.0332661 +/- 0.00402609


 -- Hybrid New -- 
Limit: r < 23.5588 +/- 0.764101 @ 95% CL
Done in 0.00 min (cpu), 0.09 min (real)
