	CLs = 0.0837469 +/- 0.0137722
	CLs = 0.0681818 +/- 0.00896487
	CLs = 0.0705923 +/- 0.00747299
	CLs = 0.071129 +/- 0.00646772
	CLs      = 0.071129 +/- 0.00646772
	CLb      = 0.843254 +/- 0.0161943
	CLsplusb = 0.0599798 +/- 0.0053309


 -- Hybrid New -- 
Limit: r < 16.4605 +/- 0.819233 @ 95% CL
Done in 0.00 min (cpu), 0.13 min (real)
