	CLs = 0.06342 +/- 0.0120991
	CLs = 0.0633971 +/- 0.00864907
	CLs = 0.0663706 +/- 0.00723444
	CLs = 0.0635081 +/- 0.00612591
	CLs = 0.0532714 +/- 0.00502751
	CLs = 0.0535531 +/- 0.00459928
	CLs      = 0.0535531 +/- 0.00459928
	CLb      = 0.840789 +/- 0.0132716
	CLsplusb = 0.0450269 +/- 0.00380115


 -- HybridNew, before fit -- 
Limit: r < 32.8645 +/- 20 [30.8105, 34.6484]
Fit to 5 points: 32.7193 +/- 0.280216

 -- Hybrid New -- 
Limit: r < 32.7193 +/- 0.280216 @ 95% CL
Done in 0.01 min (cpu), 0.43 min (real)
