	CLs = 0.0474383 +/- 0.0105495
	CLs = 0.0514354 +/- 0.0078006
	CLs = 0.0613785 +/- 0.00694689
	CLs = 0.0689003 +/- 0.0063769
	CLs = 0.06191 +/- 0.00541479
	CLs = 0.0619457 +/- 0.00494199
	CLs      = 0.0619457 +/- 0.00494199
	CLb      = 0.840789 +/- 0.0132716
	CLsplusb = 0.0520833 +/- 0.00407303


 -- Hybrid New -- 
Limit: r < 10.5089 +/- 0.495667 @ 95% CL
Done in 0.01 min (cpu), 0.17 min (real)
