	CLs = 0.0545541 +/- 0.0113037
	CLs = 0.0514354 +/- 0.0078006
	CLs = 0.051977 +/- 0.00641185
	CLs = 0.0605124 +/- 0.00598165
	CLs = 0.06143 +/- 0.00539405
	CLs = 0.0652451 +/- 0.00507511
	CLs      = 0.0652451 +/- 0.00507511
	CLb      = 0.839474 +/- 0.0133159
	CLsplusb = 0.0547715 +/- 0.0041709


 -- Hybrid New -- 
Limit: r < 20.0455 +/- 0.622766 @ 95% CL
Done in 0.00 min (cpu), 0.14 min (real)
