	CLs = 0.0687856 +/- 0.0126717
	CLs = 0.0849282 +/- 0.00998724
	CLs      = 0.0849282 +/- 0.00998724
	CLb      = 0.842742 +/- 0.0231168
	CLsplusb = 0.0715726 +/- 0.00818449


 -- Hybrid New -- 
Limit: r < 14.9669 +/- 0.550598 @ 95% CL
Done in 0.00 min (cpu), 0.08 min (real)
