	CLs = 0.0311402 +/- 0.00861153
	CLs = 0.0382775 +/- 0.00673884
	CLs = 0.0375834 +/- 0.00546053
	CLs = 0.0401419 +/- 0.00488276
	CLs      = 0.0401419 +/- 0.00488276
	CLb      = 0.84127 +/- 0.0162773
	CLsplusb = 0.0337702 +/- 0.00405542


 -- Hybrid New -- 
Limit: r < 13.1043 +/- 0.22656 @ 95% CL
Done in 0.00 min (cpu), 0.10 min (real)
