	CLs = 0.035931 +/- 0.00924609
	CLs = 0.059466 +/- 0.00845635
	CLs = 0.0583742 +/- 0.00679039
	CLs = 0.0629089 +/- 0.00609735
	CLs = 0.0647977 +/- 0.00556458
	CLs = 0.0611464 +/- 0.00491044
	CLs      = 0.0611464 +/- 0.00491044
	CLb      = 0.840789 +/- 0.0132716
	CLsplusb = 0.0514113 +/- 0.0040481


 -- Hybrid New -- 
Limit: r < 30.416 +/- 1.34788 @ 95% CL
Done in 0.01 min (cpu), 0.23 min (real)
