	CLs = 0.0550942 +/- 0.0114285
	CLs = 0.0547619 +/- 0.00802233
	CLs = 0.0447802 +/- 0.00595595
	CLs = 0.035948 +/- 0.00462277
	CLs      = 0.035948 +/- 0.00462277
	CLb      = 0.84127 +/- 0.0162773
	CLsplusb = 0.0302419 +/- 0.00384473


 -- Hybrid New -- 
Limit: r < 6.68676 +/- 0.121053 @ 95% CL
Done in 0.00 min (cpu), 0.16 min (real)
