	CLs = 0.0516755 +/- 0.0109393
	CLs = 0.0437788 +/- 0.00704332
	CLs = 0.0457245 +/- 0.0060292
	CLs = 0.0447581 +/- 0.00518234
	CLs = 0.0572671 +/- 0.00519223
	CLs = 0.0585652 +/- 0.0047977
	CLs      = 0.0585652 +/- 0.0047977
	CLb      = 0.843421 +/- 0.013182
	CLsplusb = 0.0493952 +/- 0.00397215


 -- HybridNew, before fit -- 
Limit: r < 11.1566 +/- 10 [10.808, 13.3675]
Fit to 4 points: 12.1314 +/- 0.306986

 -- Hybrid New -- 
Limit: r < 12.1314 +/- 0.306986 @ 95% CL
Done in 0.01 min (cpu), 0.43 min (real)
