	CLs = 0.0806452 +/- 0.0142715
	CLs = 0.077381 +/- 0.00951068
	CLs = 0.065571 +/- 0.00719133
	CLs = 0.0648593 +/- 0.00619913
	CLs = 0.0652694 +/- 0.00555775
	CLs = 0.0661639 +/- 0.00513592
	CLs      = 0.0661639 +/- 0.00513592
	CLb      = 0.832895 +/- 0.0135327
	CLsplusb = 0.0551075 +/- 0.00418293


 -- Hybrid New -- 
Limit: r < 25.3611 +/- 1.20628 @ 95% CL
Done in 0.00 min (cpu), 0.15 min (real)
