	CLs = 0.0424011 +/- 0.0102803
	CLs = 0.0438389 +/- 0.00716682
	CLs = 0.0469741 +/- 0.00614533
	CLs = 0.0515254 +/- 0.00552506
	CLs = 0.0551911 +/- 0.00511624
	CLs = 0.0527538 +/- 0.00456523
	CLs      = 0.0527538 +/- 0.00456523
	CLb      = 0.840789 +/- 0.0132716
	CLsplusb = 0.0443548 +/- 0.003774


 -- HybridNew, before fit -- 
Limit: r < 22.3316 +/- 12.1638 [21.6337, 24.3276]
Fit to 4 points: 23.1908 +/- 0.254457

 -- Hybrid New -- 
Limit: r < 23.1908 +/- 0.254457 @ 95% CL
Done in 0.01 min (cpu), 0.45 min (real)
