	CLs = 0.0521822 +/- 0.0110583
	CLs = 0.0648585 +/- 0.0086674
	CLs = 0.0657791 +/- 0.00721718
	CLs = 0.0712968 +/- 0.00648514
	CLs      = 0.0712968 +/- 0.00648514
	CLb      = 0.84127 +/- 0.0162773
	CLsplusb = 0.0599798 +/- 0.0053309


 -- Hybrid New -- 
Limit: r < 11.0666 +/- 0.32667 @ 95% CL
Done in 0.00 min (cpu), 0.11 min (real)
