	CLs = 0.0342131 +/- 0.00912792
	CLs = 0.0471014 +/- 0.00751141
	CLs = 0.0415816 +/- 0.00574123
	CLs = 0.0472201 +/- 0.00528423
	CLs = 0.0532714 +/- 0.00502751
	CLs = 0.0511552 +/- 0.00449632
	CLs      = 0.0511552 +/- 0.00449632
	CLb      = 0.840789 +/- 0.0132716
	CLsplusb = 0.0430108 +/- 0.00371899


 -- HybridNew, before fit -- 
Limit: r < 7.04497 +/- 5 [6.82482, 8.52249]
Fit to 4 points: 7.50841 +/- 0.140464

 -- Hybrid New -- 
Limit: r < 7.50841 +/- 0.140464 @ 95% CL
Done in 0.01 min (cpu), 0.29 min (real)
