	CLs = 0.0757576 +/- 0.013554
	CLs = 0.0600962 +/- 0.00844931
	CLs = 0.0647513 +/- 0.00708976
	CLs = 0.0553279 +/- 0.00569809
	CLs = 0.0532714 +/- 0.00502751
	CLs = 0.0526839 +/- 0.00457974
	CLs      = 0.0526839 +/- 0.00457974
	CLb      = 0.835526 +/- 0.0134469
	CLsplusb = 0.0440188 +/- 0.00376034

Fit to 8 points: 13.278 +/- 0.643999

 -- Hybrid New -- 
Limit: r < 13.278 +/- 0.643999 @ 95% CL
Done in 0.01 min (cpu), 0.63 min (real)
