	CLs = 0.0886298 +/- 0.0144493
	CLs = 0.0789474 +/- 0.00963542
	CLs      = 0.0789474 +/- 0.00963542
	CLb      = 0.842742 +/- 0.0231168
	CLsplusb = 0.0665323 +/- 0.00791243


 -- Hybrid New -- 
Limit: r < 18.551 +/- 0.560797 @ 95% CL
Done in 0.00 min (cpu), 0.09 min (real)
