	CLs = 0.0814436 +/- 0.0138606
	CLs = 0.0885167 +/- 0.0101921
	CLs      = 0.0885167 +/- 0.0101921
	CLb      = 0.842742 +/- 0.0231168
	CLsplusb = 0.0745968 +/- 0.00834199


 -- Hybrid New -- 
Limit: r < 23.8769 +/- 0.618497 @ 95% CL
Done in 0.01 min (cpu), 0.17 min (real)
