	CLs = 0.0910252 +/- 0.0146399
	CLs = 0.0649038 +/- 0.00877664
	CLs = 0.0665813 +/- 0.00726047
	CLs = 0.0720659 +/- 0.00652952
	CLs      = 0.0720659 +/- 0.00652952
	CLb      = 0.839286 +/- 0.0163594
	CLsplusb = 0.0604839 +/- 0.00535181


 -- Hybrid New -- 
Limit: r < 18.9033 +/- 0.936663 @ 95% CL
Done in 0.00 min (cpu), 0.14 min (real)
