	CLs = 0.0513196 +/- 0.0111696
	CLs = 0.0559524 +/- 0.00810792
	CLs = 0.0465267 +/- 0.00608137
	CLs = 0.0466224 +/- 0.00525103
	CLs = 0.0529094 +/- 0.00504545
	CLs = 0.0544376 +/- 0.00464111
	CLs      = 0.0544376 +/- 0.00464111
	CLb      = 0.839474 +/- 0.0133159
	CLsplusb = 0.0456989 +/- 0.00382806


 -- HybridNew, before fit -- 
Limit: r < 36.2092 +/- 6.08802 [33.261, 42.3451]
Fit to 6 points: 37.5025 +/- 1.26713

 -- Hybrid New -- 
Limit: r < 37.5025 +/- 1.26713 @ 95% CL
Done in 0.01 min (cpu), 0.45 min (real)
