	CLs = 0.0469778 +/- 0.010437
	CLs = 0.0382775 +/- 0.00673884
	CLs = 0.0543759 +/- 0.00655649
	CLs = 0.0569176 +/- 0.00580354
	CLs = 0.0596226 +/- 0.0053214
	CLs = 0.0575496 +/- 0.00476571
	CLs      = 0.0575496 +/- 0.00476571
	CLb      = 0.840789 +/- 0.0132716
	CLsplusb = 0.0483871 +/- 0.00393349


 -- HybridNew, before fit -- 
Limit: r < 36.5967 +/- 23.8229 [32.0221, 42.1213]
Fit to 6 points: 37.4552 +/- 0.83313

 -- Hybrid New -- 
Limit: r < 37.4552 +/- 0.83313 @ 95% CL
Done in 0.01 min (cpu), 0.44 min (real)
