	CLs = 0.0518433 +/- 0.0112959
	CLs = 0.046875 +/- 0.00747188
	CLs = 0.0466749 +/- 0.00610255
	CLs = 0.0415473 +/- 0.00493942
	CLs      = 0.0415473 +/- 0.00493942
	CLb      = 0.849206 +/- 0.0159398
	CLsplusb = 0.0352823 +/- 0.00414198

Fit to 7 points: 6.86512 +/- 0.0852057

 -- Hybrid New -- 
Limit: r < 6.86512 +/- 0.0852057 @ 95% CL
Done in 0.02 min (cpu), 0.81 min (real)
