	CLs = 0.0281867 +/- 0.00810545
	CLs = 0.0272512 +/- 0.00566256
	CLs      = 0.0272512 +/- 0.00566256
	CLb      = 0.850806 +/- 0.0226237
	CLsplusb = 0.0231855 +/- 0.00477813


 -- Hybrid New -- 
Limit: r < 20.5582 +/- 0.355237 @ 95% CL
Done in 0.00 min (cpu), 0.12 min (real)
