	CLs = 0.028463 +/- 0.00818962
	CLs = 0.0430622 +/- 0.00714393
	CLs = 0.0585595 +/- 0.00681448
	CLs = 0.0605124 +/- 0.00598165
	CLs = 0.0590304 +/- 0.00528901
	CLs = 0.0527538 +/- 0.00456523
	CLs      = 0.0527538 +/- 0.00456523
	CLb      = 0.840789 +/- 0.0132716
	CLsplusb = 0.0443548 +/- 0.003774


 -- HybridNew, before fit -- 
Limit: r < 25.8927 +/- 20 [24.2744, 29.4196]
Fit to 5 points: 25.4667 +/- 0.566193

 -- Hybrid New -- 
Limit: r < 25.4667 +/- 0.566193 @ 95% CL
Done in 0.01 min (cpu), 0.47 min (real)
