	CLs = 0.0604839 +/- 0.0120438
	CLs = 0.0897129 +/- 0.0102594
	CLs      = 0.0897129 +/- 0.0102594
	CLb      = 0.842742 +/- 0.0231168
	CLsplusb = 0.0756048 +/- 0.00839359


 -- Hybrid New -- 
Limit: r < 17.8765 +/- 0.771509 @ 95% CL
Done in 0.00 min (cpu), 0.04 min (real)
