	CLs = 0.0664137 +/- 0.0124548
	CLs = 0.0651659 +/- 0.00871393
	CLs = 0.0667934 +/- 0.00728669
	CLs = 0.0687381 +/- 0.00635983
	CLs = 0.0663344 +/- 0.00558211
	CLs = 0.0615461 +/- 0.00492624
	CLs      = 0.0615461 +/- 0.00492624
	CLb      = 0.840789 +/- 0.0132716
	CLsplusb = 0.0517473 +/- 0.00406059

Fit to 13 points: -58232.9 +/- 108462

 -- Hybrid New -- 
Limit: r < 39.1999 +/- 4.87909 @ 95% CL
Done in 0.02 min (cpu), 0.78 min (real)
