	CLs = 0.0335356 +/- 0.00893459
	CLs = 0.0525701 +/- 0.00777163
	CLs = 0.0419801 +/- 0.00580087
	CLs = 0.0400474 +/- 0.00487036
	CLs      = 0.0400474 +/- 0.00487036
	CLb      = 0.843254 +/- 0.0161943
	CLsplusb = 0.0337702 +/- 0.00405542


 -- Hybrid New -- 
Limit: r < 45.7453 +/- 1.61957 @ 95% CL
Done in 0.00 min (cpu), 0.11 min (real)
