	CLs = 0.091343 +/- 0.0149763
	CLs = 0.0789474 +/- 0.00963542
	CLs      = 0.0789474 +/- 0.00963542
	CLb      = 0.842742 +/- 0.0231168
	CLsplusb = 0.0665323 +/- 0.00791243


 -- Hybrid New -- 
Limit: r < 13.1177 +/- 0.522802 @ 95% CL
Done in 0.00 min (cpu), 0.07 min (real)
