	CLs = 0.0670712 +/- 0.0125954
	CLs = 0.0837321 +/- 0.00991795
	CLs      = 0.0837321 +/- 0.00991795
	CLb      = 0.842742 +/- 0.0231168
	CLsplusb = 0.0705645 +/- 0.00813106


 -- Hybrid New -- 
Limit: r < 12.9837 +/- 0.571718 @ 95% CL
Done in 0.00 min (cpu), 0.05 min (real)
