	CLs = 0.0622804 +/- 0.0121428
	CLs = 0.0652174 +/- 0.00882464
	CLs = 0.0679699 +/- 0.00731984
	CLs = 0.072751 +/- 0.00652978
	CLs      = 0.072751 +/- 0.00652978
	CLb      = 0.845238 +/- 0.0161104
	CLsplusb = 0.0614919 +/- 0.00539333


 -- Hybrid New -- 
Limit: r < 18.4417 +/- 0.436132 @ 95% CL
Done in 0.00 min (cpu), 0.08 min (real)
