	CLs = 0.0431172 +/- 0.0101217
	CLs = 0.047619 +/- 0.00748719
	CLs = 0.0615728 +/- 0.00697159
	CLs = 0.0609436 +/- 0.00602945
	CLs = 0.0716433 +/- 0.00582593
	CLs      = 0.0716433 +/- 0.00582593
	CLb      = 0.838608 +/- 0.014634
	CLsplusb = 0.0600806 +/- 0.00477185


 -- Hybrid New -- 
Limit: r < 17.2673 +/- 0.708114 @ 95% CL
Done in 0.00 min (cpu), 0.10 min (real)
