	CLs = 0.0459677 +/- 0.0105107
	CLs = 0.0603865 +/- 0.00849511
	CLs = 0.0565117 +/- 0.00672204
	CLs = 0.0553814 +/- 0.00574236
	CLs = 0.0552952 +/- 0.00512695
	CLs = 0.0555513 +/- 0.00468327
	CLs      = 0.0555513 +/- 0.00468327
	CLb      = 0.840789 +/- 0.0132716
	CLsplusb = 0.046707 +/- 0.00386801


 -- HybridNew, before fit -- 
Limit: r < 19.4678 +/- 12.1887 [14.6008, 24.3774]
Fit to 6 points: 21.1058 +/- 0.800366

 -- Hybrid New -- 
Limit: r < 21.1058 +/- 0.800366 @ 95% CL
Done in 0.01 min (cpu), 0.33 min (real)
