	CLs = 0.0483871 +/- 0.0111194
	CLs = 0.0526316 +/- 0.00788976
	CLs = 0.0524447 +/- 0.00641555
	CLs = 0.061256 +/- 0.00602674
	CLs = 0.0609292 +/- 0.00539784
	CLs = 0.0599475 +/- 0.0048627
	CLs      = 0.0599475 +/- 0.0048627
	CLb      = 0.840789 +/- 0.0132716
	CLsplusb = 0.0504032 +/- 0.00401035


 -- Hybrid New -- 
Limit: r < 7.53208 +/- 0.218014 @ 95% CL
Done in 0.00 min (cpu), 0.14 min (real)
