	CLs = 0.0742574 +/- 0.013244
	CLs = 0.0741627 +/- 0.00934373
	CLs = 0.0629728 +/- 0.00703527
	CLs = 0.0617107 +/- 0.00603979
	CLs = 0.0616623 +/- 0.00541694
	CLs = 0.070738 +/- 0.00527596
	CLs      = 0.070738 +/- 0.00527596
	CLb      = 0.840789 +/- 0.0132716
	CLsplusb = 0.0594758 +/- 0.0043355


 -- Hybrid New -- 
Limit: r < 8.65984 +/- 0.394407 @ 95% CL
Done in 0.00 min (cpu), 0.11 min (real)
