	CLs = 0.0465261 +/- 0.0103269
	CLs = 0.0685096 +/- 0.00901396
	CLs = 0.0641622 +/- 0.00707208
	CLs = 0.0611115 +/- 0.00601079
	CLs = 0.0606077 +/- 0.00533939
	CLs = 0.061849 +/- 0.00493332
	CLs      = 0.061849 +/- 0.00493332
	CLb      = 0.842105 +/- 0.013227
	CLsplusb = 0.0520833 +/- 0.00407303


 -- Hybrid New -- 
Limit: r < 18.7205 +/- 0.516517 @ 95% CL
Done in 0.01 min (cpu), 0.20 min (real)
