	CLs = 0.0687856 +/- 0.0126717
	CLs = 0.0576923 +/- 0.00828055
	CLs = 0.0387509 +/- 0.00557483
	CLs = 0.0390357 +/- 0.00482221
	CLs      = 0.0390357 +/- 0.00482221
	CLb      = 0.839286 +/- 0.0163594
	CLsplusb = 0.0327621 +/- 0.00399652


 -- Hybrid New -- 
Limit: r < 16.1647 +/- 0.312939 @ 95% CL
Done in 0.00 min (cpu), 0.09 min (real)
