	CLs = 0.0439883 +/- 0.0103449
	CLs = 0.0428571 +/- 0.00710697
	CLs = 0.0513398 +/- 0.00638515
	CLs = 0.0520019 +/- 0.0055423
	CLs = 0.0527914 +/- 0.00500508
	CLs = 0.0519545 +/- 0.00453091
	CLs      = 0.0519545 +/- 0.00453091
	CLb      = 0.840789 +/- 0.0132716
	CLsplusb = 0.0436828 +/- 0.00374662


 -- HybridNew, before fit -- 
Limit: r < 15.4457 +/- 1.20727 [14.7047, 16.5843]
Fit to 4 points: 15.7471 +/- 0.155605

 -- Hybrid New -- 
Limit: r < 15.7471 +/- 0.155605 @ 95% CL
Done in 0.01 min (cpu), 0.28 min (real)
