	CLs = 0.0450664 +/- 0.0102852
	CLs = 0.0559524 +/- 0.00810792
	CLs = 0.0661613 +/- 0.00720859
	CLs = 0.0693359 +/- 0.00638699
	CLs      = 0.0693359 +/- 0.00638699
	CLb      = 0.843254 +/- 0.0161943
	CLsplusb = 0.0584677 +/- 0.0052675


 -- Hybrid New -- 
Limit: r < 18.0129 +/- 0.629605 @ 95% CL
Done in 0.00 min (cpu), 0.10 min (real)
