	CLs = 0.0503034 +/- 0.0109253
	CLs = 0.0619048 +/- 0.00852228
	CLs = 0.0749296 +/- 0.00766382
	CLs      = 0.0749296 +/- 0.00766382
	CLb      = 0.843085 +/- 0.0187575
	CLsplusb = 0.063172 +/- 0.00630654


 -- Hybrid New -- 
Limit: r < 9.94745 +/- 0.398757 @ 95% CL
Done in 0.00 min (cpu), 0.07 min (real)
