	CLs = 0.0488759 +/- 0.0109018
	CLs = 0.0514354 +/- 0.0078006
	CLs = 0.0561529 +/- 0.00667457
	CLs = 0.0579791 +/- 0.00584815
	CLs = 0.0542312 +/- 0.00507208
	CLs = 0.0469796 +/- 0.00432302
	CLs      = 0.0469796 +/- 0.00432302
	CLb      = 0.836842 +/- 0.0134035
	CLsplusb = 0.0393145 +/- 0.00356247


 -- HybridNew, before fit -- 
Limit: r < 24.5836 +/- 20 [21.5107, 26.5107]
Fit to 5 points: 24.0649 +/- 0.338142

 -- Hybrid New -- 
Limit: r < 24.0649 +/- 0.338142 @ 95% CL
Done in 0.01 min (cpu), 0.38 min (real)
