	CLs = 0.0886298 +/- 0.0144493
	CLs = 0.102871 +/- 0.0109702
	CLs      = 0.102871 +/- 0.0109702
	CLb      = 0.842742 +/- 0.0231168
	CLsplusb = 0.0866935 +/- 0.008934


 -- Hybrid New -- 
Limit: r < 17.9738 +/- 0.797269 @ 95% CL
Done in 0.00 min (cpu), 0.04 min (real)
