	CLs = 0.0617182 +/- 0.0123212
	CLs = 0.0825359 +/- 0.00984813
	CLs      = 0.0825359 +/- 0.00984813
	CLb      = 0.842742 +/- 0.0231168
	CLsplusb = 0.0695565 +/- 0.00807715


 -- Hybrid New -- 
Limit: r < 35.6057 +/- 1.07933 @ 95% CL
Done in 0.00 min (cpu), 0.13 min (real)
