	CLs = 0.0383264 +/- 0.00954716
	CLs = 0.0404762 +/- 0.00690868
	CLs = 0.0422475 +/- 0.00577586
	CLs = 0.0377454 +/- 0.004736
	CLs      = 0.0377454 +/- 0.004736
	CLb      = 0.84127 +/- 0.0162773
	CLsplusb = 0.031754 +/- 0.0039366


 -- Hybrid New -- 
Limit: r < 8.86375 +/- 0.113784 @ 95% CL
Done in 0.01 min (cpu), 0.17 min (real)
