	CLs = 0.0622804 +/- 0.0121428
	CLs = 0.0651659 +/- 0.00871393
	CLs = 0.0567749 +/- 0.00669786
	CLs = 0.0593141 +/- 0.00592291
	CLs = 0.0575442 +/- 0.00524739
	CLs = 0.0562224 +/- 0.00468398
	CLs      = 0.0562224 +/- 0.00468398
	CLb      = 0.848684 +/- 0.012999
	CLsplusb = 0.0477151 +/- 0.00390746


 -- HybridNew, before fit -- 
Limit: r < 7.89684 +/- 0.696697 [7.55176, 8.94842]
Fit to 4 points: 8.37382 +/- 0.1508

 -- Hybrid New -- 
Limit: r < 8.37382 +/- 0.1508 @ 95% CL
Done in 0.01 min (cpu), 0.38 min (real)
