	CLs = 0.0814436 +/- 0.0138606
	CLs = 0.0825359 +/- 0.00984813
	CLs      = 0.0825359 +/- 0.00984813
	CLb      = 0.842742 +/- 0.0231168
	CLsplusb = 0.0695565 +/- 0.00807715


 -- Hybrid New -- 
Limit: r < 22.7734 +/- 0.544131 @ 95% CL
Done in 0.00 min (cpu), 0.09 min (real)
