	CLs = 0.0701613 +/- 0.0129624
	CLs = 0.0646341 +/- 0.00883992
	CLs = 0.0727678 +/- 0.00756993
	CLs      = 0.0727678 +/- 0.00756993
	CLb      = 0.840426 +/- 0.0188859
	CLsplusb = 0.0611559 +/- 0.00621176


 -- Hybrid New -- 
Limit: r < 24.3942 +/- 1.18363 @ 95% CL
Done in 0.00 min (cpu), 0.13 min (real)
