	CLs = 0.047908 +/- 0.0106644
	CLs = 0.0645933 +/- 0.00872915
	CLs = 0.0687696 +/- 0.00736215
	CLs = 0.0621632 +/- 0.00605259
	CLs = 0.0657493 +/- 0.00557786
	CLs = 0.0687398 +/- 0.00520206
	CLs      = 0.0687398 +/- 0.00520206
	CLb      = 0.840789 +/- 0.0132716
	CLsplusb = 0.0577957 +/- 0.00427764


 -- Hybrid New -- 
Limit: r < 47.3416 +/- 1.38451 @ 95% CL
Done in 0.01 min (cpu), 0.17 min (real)
