	CLs = 0.0610948 +/- 0.012181
	CLs = 0.0681818 +/- 0.00896487
	CLs = 0.0647713 +/- 0.00714796
	CLs = 0.0636582 +/- 0.00614223
	CLs = 0.06143 +/- 0.00539405
	CLs = 0.0628434 +/- 0.0049821
	CLs      = 0.0628434 +/- 0.0049821
	CLb      = 0.839474 +/- 0.0133159
	CLsplusb = 0.0527554 +/- 0.00409777


 -- Hybrid New -- 
Limit: r < 25.5348 +/- 0.844273 @ 95% CL
Done in 0.00 min (cpu), 0.13 min (real)
