	CLs = 0.059885 +/- 0.0119097
	CLs = 0.0633971 +/- 0.00864907
	CLs = 0.0559752 +/- 0.00665109
	CLs = 0.0545211 +/- 0.00568154
	CLs = 0.0561509 +/- 0.00516
	CLs = 0.0598538 +/- 0.0048542
	CLs      = 0.0598538 +/- 0.0048542
	CLb      = 0.842105 +/- 0.013227
	CLsplusb = 0.0504032 +/- 0.00401035


 -- Hybrid New -- 
Limit: r < 24.7532 +/- 0.606506 @ 95% CL
Done in 0.01 min (cpu), 0.18 min (real)
