	CLs = 0.0694666 +/- 0.0128155
	CLs = 0.0588942 +/- 0.00836537
	CLs = 0.0591738 +/- 0.00683616
	CLs = 0.0575167 +/- 0.00583363
	CLs = 0.0578084 +/- 0.00524695
	CLs = 0.0551517 +/- 0.0046666
	CLs      = 0.0551517 +/- 0.0046666
	CLb      = 0.840789 +/- 0.0132716
	CLsplusb = 0.046371 +/- 0.00385475

Fit to 13 points: -5493.15 +/- 29787.1

 -- Hybrid New -- 
Limit: r < 40.4184 +/- 5.05229 @ 95% CL
Done in 0.02 min (cpu), 1.04 min (real)
