	CLs = 0.0431172 +/- 0.0101217
	CLs = 0.0538278 +/- 0.00797788
	CLs = 0.0575745 +/- 0.00674429
	CLs = 0.0558511 +/- 0.00575797
	CLs = 0.0710285 +/- 0.00579415
	CLs      = 0.0710285 +/- 0.00579415
	CLb      = 0.84019 +/- 0.0145758
	CLsplusb = 0.0596774 +/- 0.00475683


 -- Hybrid New -- 
Limit: r < 29.9354 +/- 0.654874 @ 95% CL
Done in 0.01 min (cpu), 0.18 min (real)
