	CLs = 0.0562072 +/- 0.0116865
	CLs = 0.0654762 +/- 0.00876095
	CLs = 0.0651839 +/- 0.00719943
	CLs = 0.0614209 +/- 0.00600796
	CLs = 0.0652694 +/- 0.00555775
	CLs = 0.0635443 +/- 0.00500447
	CLs = 0.0610259 +/- 0.004544
	CLs      = 0.0610259 +/- 0.004544
	CLb      = 0.84009 +/- 0.0122997
	CLsplusb = 0.0512673 +/- 0.00374285


 -- Hybrid New -- 
Limit: r < 17.0264 +/- 0.762654 @ 95% CL
Done in 0.00 min (cpu), 0.13 min (real)
