	CLs = 0.0450664 +/- 0.0102852
	CLs = 0.0526316 +/- 0.00788976
	CLs = 0.0481311 +/- 0.00618436
	CLs = 0.0582533 +/- 0.00587902
	CLs = 0.0567377 +/- 0.00519262
	CLs = 0.0580401 +/- 0.00479038
	CLs      = 0.0580401 +/- 0.00479038
	CLb      = 0.839474 +/- 0.0133159
	CLsplusb = 0.0487231 +/- 0.00394643


 -- HybridNew, before fit -- 
Limit: r < 6.19553 +/- 0.993316 [5.905, 6.67109]
Fit to 4 points: 6.46126 +/- 0.0561334

 -- Hybrid New -- 
Limit: r < 6.46126 +/- 0.0561334 @ 95% CL
Done in 0.01 min (cpu), 0.38 min (real)
