	CLs = 0.0311402 +/- 0.00861153
	CLs = 0.0705742 +/- 0.00911842
	CLs = 0.063172 +/- 0.00706035
	CLs = 0.058715 +/- 0.00589331
	CLs = 0.0595104 +/- 0.0053102
	CLs = 0.0580401 +/- 0.00479038
	CLs      = 0.0580401 +/- 0.00479038
	CLb      = 0.839474 +/- 0.0133159
	CLsplusb = 0.0487231 +/- 0.00394643


 -- HybridNew, before fit -- 
Limit: r < 25.9497 +/- 20 [25.1387, 29.4623]
Fit to 4 points: 26.9789 +/- 0.384755

 -- Hybrid New -- 
Limit: r < 26.9789 +/- 0.384755 @ 95% CL
Done in 0.01 min (cpu), 0.47 min (real)
