	CLs = 0.056926 +/- 0.0115436
	CLs = 0.0514354 +/- 0.0078006
	CLs = 0.0551756 +/- 0.00660396
	CLs = 0.0491289 +/- 0.00539646
	CLs = 0.0565244 +/- 0.00517091
	CLs = 0.0708489 +/- 0.0052854
	CLs      = 0.0708489 +/- 0.0052854
	CLb      = 0.839474 +/- 0.0133159
	CLsplusb = 0.0594758 +/- 0.0043355


 -- Hybrid New -- 
Limit: r < 26.385 +/- 0.496849 @ 95% CL
Done in 0.01 min (cpu), 0.16 min (real)
