	CLs = 0.0537634 +/- 0.011431
	CLs = 0.0598086 +/- 0.00840399
	CLs = 0.0621756 +/- 0.00699123
	CLs = 0.0588538 +/- 0.00590887
	CLs = 0.0589552 +/- 0.00525485
	CLs = 0.0544962 +/- 0.00462579
	CLs      = 0.0544962 +/- 0.00462579
	CLb      = 0.844737 +/- 0.0131368
	CLsplusb = 0.0460349 +/- 0.00384144


 -- HybridNew, before fit -- 
Limit: r < 25.7268 +/- 20 [22.5109, 32.8634]
Fit to 5 points: 28.4373 +/- 1.06467

 -- Hybrid New -- 
Limit: r < 28.4373 +/- 1.06467 @ 95% CL
Done in 0.01 min (cpu), 0.42 min (real)
