	CLs = 0.0493267 +/- 0.0106913
	CLs = 0.0466507 +/- 0.00743276
	CLs = 0.0551756 +/- 0.00660396
	CLs = 0.0618566 +/- 0.00605583
	CLs = 0.0668351 +/- 0.00562985
	CLs = 0.0596412 +/- 0.00485517
	CLs      = 0.0596412 +/- 0.00485517
	CLb      = 0.839474 +/- 0.0133159
	CLsplusb = 0.0500672 +/- 0.00399767


 -- HybridNew, before fit -- 
Limit: r < 12.9464 +/- 10 [12.5418, 14.7098]
Fit to 4 points: 13.962 +/- 0.218526

 -- Hybrid New -- 
Limit: r < 13.962 +/- 0.218526 @ 95% CL
Done in 0.01 min (cpu), 0.38 min (real)
