	CLs = 0.0537634 +/- 0.011431
	CLs = 0.052381 +/- 0.00784821
	CLs = 0.0486542 +/- 0.00613565
	CLs = 0.0477056 +/- 0.00530354
	CLs = 0.0484721 +/- 0.00479819
	CLs      = 0.0484721 +/- 0.00479819
	CLb      = 0.84019 +/- 0.0145758
	CLsplusb = 0.0407258 +/- 0.00396899

Fit to 12 points: 935.897 +/- 3508.9

 -- Hybrid New -- 
Limit: r < 7.575 +/- 0.606251 @ 95% CL
Done in 0.02 min (cpu), 1.06 min (real)
