	CLs = 0.0431172 +/- 0.0101217
	CLs = 0.0509479 +/- 0.00771904
	CLs = 0.0495781 +/- 0.00626373
	CLs = 0.0469989 +/- 0.00525716
	CLs = 0.0546083 +/- 0.0050836
	CLs = 0.0571499 +/- 0.00474934
	CLs      = 0.0571499 +/- 0.00474934
	CLb      = 0.840789 +/- 0.0132716
	CLsplusb = 0.0480511 +/- 0.0039205

Fit to 12 points: 4472.73 +/- 32932.5

 -- Hybrid New -- 
Limit: r < 13.6985 +/- 0.787689 @ 95% CL
Done in 0.02 min (cpu), 0.89 min (real)
