	CLs = 0.06342 +/- 0.0120991
	CLs = 0.062201 +/- 0.0085682
	CLs = 0.0553507 +/- 0.00662725
	CLs = 0.0605124 +/- 0.00598165
	CLs = 0.0540277 +/- 0.00505101
	CLs = 0.0508351 +/- 0.00448664
	CLs      = 0.0508351 +/- 0.00448664
	CLb      = 0.839474 +/- 0.0133159
	CLsplusb = 0.0426747 +/- 0.00370509


 -- HybridNew, before fit -- 
Limit: r < 10.259 +/- 0.880632 [9.23049, 11.1026]
Fit to 5 points: 10.4057 +/- 0.175451

 -- Hybrid New -- 
Limit: r < 10.4057 +/- 0.175451 @ 95% CL
Done in 0.01 min (cpu), 0.43 min (real)
