	CLs = 0.0395471 +/- 0.00953156
	CLs = 0.0373832 +/- 0.00656951
	CLs = 0.0350261 +/- 0.00540109
	CLs = 0.0355891 +/- 0.00466321
	CLs      = 0.0355891 +/- 0.00466321
	CLb      = 0.821429 +/- 0.0170599
	CLsplusb = 0.0292339 +/- 0.00378207


 -- Hybrid New -- 
Limit: r < 6.95753 +/- 0.147395 @ 95% CL
Done in 0.00 min (cpu), 0.12 min (real)
