	CLs = 0.0407218 +/- 0.00983877
	CLs = 0.0502392 +/- 0.00771035
	CLs = 0.0447802 +/- 0.00595595
	CLs = 0.0500909 +/- 0.00543296
	CLs = 0.0503918 +/- 0.00489127
	CLs      = 0.0503918 +/- 0.00489127
	CLb      = 0.84019 +/- 0.0145758
	CLsplusb = 0.0423387 +/- 0.00404342

Fit to 11 points: 1734.98 +/- 6258.93

 -- Hybrid New -- 
Limit: r < 13.1936 +/- 0.478036 @ 95% CL
Done in 0.02 min (cpu), 0.71 min (real)
