	CLs = 0.0670712 +/- 0.0125954
	CLs = 0.0552885 +/- 0.00810811
	CLs = 0.0703689 +/- 0.007446
	CLs = 0.0714653 +/- 0.00650267
	CLs      = 0.0714653 +/- 0.00650267
	CLb      = 0.839286 +/- 0.0163594
	CLsplusb = 0.0599798 +/- 0.0053309

Fit to 11 points: 22.8282 +/- 0.307717

 -- Hybrid New -- 
Limit: r < 21.7417 +/- 0.710496 @ 95% CL
Done in 0.02 min (cpu), 1.02 min (real)
