	CLs = 0.0526988 +/- 0.0111799
	CLs = 0.0669856 +/- 0.00888703
	CLs = 0.0583742 +/- 0.00679039
	CLs = 0.067702 +/- 0.00632204
	CLs = 0.0633497 +/- 0.00547654
	CLs = 0.0709601 +/- 0.00529487
	CLs      = 0.0709601 +/- 0.00529487
	CLb      = 0.838158 +/- 0.0133599
	CLsplusb = 0.0594758 +/- 0.0043355


 -- Hybrid New -- 
Limit: r < 32.325 +/- 1.13581 @ 95% CL
Done in 0.01 min (cpu), 0.23 min (real)
