	CLs = 0.0901328 +/- 0.0144691
	CLs = 0.113636 +/- 0.0115164
	CLs      = 0.113636 +/- 0.0115164
	CLb      = 0.842742 +/- 0.0231168
	CLsplusb = 0.0957661 +/- 0.00934309


 -- Hybrid New -- 
Limit: r < 9.06788 +/- 0.394407 @ 95% CL
Done in 0.00 min (cpu), 0.05 min (real)
