	CLs = 0.0629032 +/- 0.0122802
	CLs = 0.0619048 +/- 0.00852228
	CLs = 0.0623724 +/- 0.00701612
	CLs = 0.0543928 +/- 0.00566672
	CLs = 0.0517342 +/- 0.0049496
	CLs      = 0.0517342 +/- 0.0049496
	CLb      = 0.841772 +/- 0.0145171
	CLsplusb = 0.0435484 +/- 0.00409819

Fit to 11 points: 13.6296 +/- 0.33077

 -- Hybrid New -- 
Limit: r < 14.4944 +/- 0.688205 @ 95% CL
Done in 0.02 min (cpu), 1.02 min (real)
