	CLs = 0.0379507 +/- 0.00944617
	CLs = 0.0550239 +/- 0.00806499
	CLs = 0.0556232 +/- 0.00660459
	CLs = 0.0581663 +/- 0.00583184
	CLs = 0.0564726 +/- 0.00513872
	CLs = 0.0540984 +/- 0.0046091
	CLs      = 0.0540984 +/- 0.0046091
	CLb      = 0.844737 +/- 0.0131368
	CLsplusb = 0.0456989 +/- 0.00382806


 -- HybridNew, before fit -- 
Limit: r < 15.118 +/- 13.4518 [14.1731, 18.0644]
Fit to 5 points: 15.8785 +/- 0.32134

 -- Hybrid New -- 
Limit: r < 15.8785 +/- 0.32134 @ 95% CL
Done in 0.01 min (cpu), 0.45 min (real)
