	CLs = 0.0653226 +/- 0.0125119
	CLs = 0.0509479 +/- 0.00771904
	CLs = 0.0335851 +/- 0.00516409
	CLs      = 0.0335851 +/- 0.00516409
	CLb      = 0.840426 +/- 0.0188859
	CLsplusb = 0.0282258 +/- 0.00429343

Fit to 12 points: 27644.8 +/- 51579.5

 -- Hybrid New -- 
Limit: r < 13.9945 +/- 3.00273 @ 95% CL
Done in 0.02 min (cpu), 0.77 min (real)
