	CLs = 0.056926 +/- 0.0115436
	CLs = 0.0502392 +/- 0.00771035
	CLs = 0.051813 +/- 0.00638953
	CLs = 0.0539219 +/- 0.00565061
	CLs = 0.0491371 +/- 0.00484164
	CLs      = 0.0491371 +/- 0.00484164
	CLb      = 0.837025 +/- 0.0146917
	CLsplusb = 0.041129 +/- 0.00398776

Fit to 13 points: 54262.8 +/- 171871

 -- Hybrid New -- 
Limit: r < 19.3003 +/- 4.4398 @ 95% CL
Done in 0.02 min (cpu), 0.87 min (real)
