	CLs = 0.0766528 +/- 0.0134529
	CLs = 0.0654762 +/- 0.00876095
	CLs = 0.05819 +/- 0.00676647
	CLs = 0.0563185 +/- 0.0057733
	CLs = 0.0542312 +/- 0.00507208
	CLs = 0.0512354 +/- 0.00450408
	CLs      = 0.0512354 +/- 0.00450408
	CLb      = 0.839474 +/- 0.0133159
	CLsplusb = 0.0430108 +/- 0.00371899


 -- HybridNew, before fit -- 
Limit: r < 28.9584 +/- 3.9594 [27.2315, 31.0013]
Fit to 5 points: 29.5391 +/- 0.319479

 -- Hybrid New -- 
Limit: r < 29.5391 +/- 0.319479 @ 95% CL
Done in 0.01 min (cpu), 0.53 min (real)
