	CLs = 0.0562072 +/- 0.0116865
	CLs = 0.045122 +/- 0.0073957
	CLs = 0.0415816 +/- 0.00574123
	CLs = 0.0323532 +/- 0.00438727
	CLs      = 0.0323532 +/- 0.00438727
	CLb      = 0.84127 +/- 0.0162773
	CLsplusb = 0.0272177 +/- 0.00365311


 -- Hybrid New -- 
Limit: r < 6.59412 +/- 0.162499 @ 95% CL
Done in 0.00 min (cpu), 0.10 min (real)
