	CLs = 0.0533681 +/- 0.0142227
	CLs = 0.0507812 +/- 0.0103117
	CLs = 0.0418895 +/- 0.0077551
	CLs = 0.0436935 +/- 0.00687638
	CLs = 0.0422077 +/- 0.00597017
	CLs = 0.0423387 +/- 0.00549634
	CLs = 0.0430142 +/- 0.00515671
	CLs = 0.0418246 +/- 0.00475973
	CLs      = 0.0418246 +/- 0.00475973
	CLb      = 0.494094 +/- 0.0156853
	CLsplusb = 0.0206653 +/- 0.0022584


 -- HybridNew, before fit -- 
Limit: r < 11.2649 +/- 7.09478 [8.44869, 11.9961]
Fit to 5 points: 10.7425 +/- 0.254

 -- Hybrid New -- 
Limit: r < 10.7425 +/- 0.254 @ 95% CL
Done in 0.01 min (cpu), 0.73 min (real)
