	CLs = 0.0625695 +/- 0.0169699
	CLs = 0.0371622 +/- 0.00807121
	CLs = 0.047946 +/- 0.00814003
	CLs = 0.0500367 +/- 0.00716948
	CLs = 0.0449235 +/- 0.00625735
	CLs = 0.0421099 +/- 0.00551251
	CLs = 0.0389949 +/- 0.00486012
	CLs      = 0.0389949 +/- 0.00486012
	CLb      = 0.502252 +/- 0.0167787
	CLsplusb = 0.0195853 +/- 0.00235169


 -- HybridNew, before fit -- 
Limit: r < 29.7951 +/- 2.50768 [28.6283, 31.0707]
Fit to 3 points: 29.5985 +/- 0.287302

 -- Hybrid New -- 
Limit: r < 29.5985 +/- 0.287302 @ 95% CL
Done in 0.01 min (cpu), 0.74 min (real)
