	CLs = 0.0604839 +/- 0.01634
	CLs = 0.0365854 +/- 0.0088598
	CLs = 0.0456989 +/- 0.00809778
	CLs = 0.0408084 +/- 0.00664662
	CLs = 0.0404506 +/- 0.00588818
	CLs = 0.0367688 +/- 0.00508791
	CLs = 0.0359663 +/- 0.00464662
	CLs      = 0.0359663 +/- 0.00464662
	CLb      = 0.504505 +/- 0.0167782
	CLsplusb = 0.0181452 +/- 0.00226524


 -- HybridNew, before fit -- 
Limit: r < 10.2861 +/- 5.92248 [9.64318, 10.6758]
Fit to 4 points: 9.97219 +/- 0.154782

 -- Hybrid New -- 
Limit: r < 9.97219 +/- 0.154782 @ 95% CL
Done in 0.02 min (cpu), 0.75 min (real)
