	CLs = 0.0369054 +/- 0.0126619
	CLs = 0.042 +/- 0.00944568
	CLs = 0.0497312 +/- 0.00847104
	CLs = 0.0472618 +/- 0.0070452
	CLs = 0.0498597 +/- 0.0064996
	CLs = 0.0432278 +/- 0.00552521
	CLs = 0.0389949 +/- 0.00486012
	CLs      = 0.0389949 +/- 0.00486012
	CLb      = 0.502252 +/- 0.0167787
	CLsplusb = 0.0195853 +/- 0.00235169


 -- HybridNew, before fit -- 
Limit: r < 10.2228 +/- 5.53938 [8.94495, 10.6508]
Fit to 4 points: 9.95359 +/- 0.151714

 -- Hybrid New -- 
Limit: r < 9.95359 +/- 0.151714 @ 95% CL
Done in 0.01 min (cpu), 0.67 min (real)
