	CLs = 0.026393 +/- 0.0110252
	CLs = 0.0309524 +/- 0.00883128
	CLs = 0.0365524 +/- 0.00787667
	CLs = 0.0386129 +/- 0.00644126
	CLs = 0.0432454 +/- 0.00594556
	CLs = 0.0396958 +/- 0.00526707
	CLs = 0.0428121 +/- 0.00501957
	CLs = 0.0423539 +/- 0.004641
	CLs      = 0.0423539 +/- 0.004641
	CLb      = 0.523622 +/- 0.0156689
	CLsplusb = 0.0221774 +/- 0.00233776


 -- HybridNew, before fit -- 
Limit: r < 28.0661 +/- 2.77992 [26.1004, 29.5578]
Fit to 5 points: 27.6281 +/- 0.227918

 -- Hybrid New -- 
Limit: r < 27.6281 +/- 0.227918 @ 95% CL
Done in 0.02 min (cpu), 0.80 min (real)
