	CLs = 0.0457716 +/- 0.012501
	CLs = 0.0360169 +/- 0.00898677
	CLs = 0.0400435 +/- 0.0076624
	CLs = 0.0457453 +/- 0.00688004
	CLs = 0.0429848 +/- 0.00590689
	CLs = 0.0474174 +/- 0.0058626
	CLs = 0.0473416 +/- 0.00540573
	CLs = 0.0480091 +/- 0.0050657
	CLs = 0.0483871 +/- 0.00481673
	CLs      = 0.0483871 +/- 0.00481673
	CLb      = 0.5 +/- 0.0147828
	CLsplusb = 0.0241935 +/- 0.00229969


 -- HybridNew, before fit -- 
Limit: r < 25.2204 +/- 20 [24.4322, 27.0678]
Fit to 4 points: 25.4611 +/- 0.249991

 -- Hybrid New -- 
Limit: r < 25.4611 +/- 0.249991 @ 95% CL
Done in 0.02 min (cpu), 0.86 min (real)
