	CLs = 0.0403226 +/- 0.0131477
	CLs = 0.0477099 +/- 0.00984644
	CLs = 0.0460629 +/- 0.00803771
	CLs = 0.0444804 +/- 0.00683684
	CLs = 0.0472814 +/- 0.00636252
	CLs = 0.0462438 +/- 0.00584509
	CLs = 0.0445821 +/- 0.00528205
	CLs = 0.0453048 +/- 0.00496036
	CLs      = 0.0453048 +/- 0.00496036
	CLb      = 0.495079 +/- 0.0156856
	CLsplusb = 0.0224294 +/- 0.0023507


 -- HybridNew, before fit -- 
Limit: r < 10.8265 +/- 1.21662 [10.4929, 12.0137]
Fit to 4 points: 11.1514 +/- 0.110226

 -- Hybrid New -- 
Limit: r < 11.1514 +/- 0.110226 @ 95% CL
Done in 0.02 min (cpu), 0.81 min (real)
