	CLs = 0.0415827 +/- 0.0128963
	CLs = 0.0584677 +/- 0.0113233
	CLs = 0.063172 +/- 0.00963537
	CLs = 0.0600076 +/- 0.00807666
	CLs = 0.0576993 +/- 0.007078
	CLs = 0.0537634 +/- 0.00624206
	CLs = 0.0499895 +/- 0.00558598
	CLs = 0.0466464 +/- 0.0050269
	CLs = 0.0441234 +/- 0.00457311
	CLs      = 0.0441234 +/- 0.00457311
	CLb      = 0.502622 +/- 0.0147826
	CLsplusb = 0.0221774 +/- 0.00220406


 -- HybridNew, before fit -- 
Limit: r < 11.9912 +/- 7.28831 [8.99343, 12.6376]
Fit to 5 points: 11.0925 +/- 0.317883

 -- Hybrid New -- 
Limit: r < 11.0925 +/- 0.317883 @ 95% CL
Done in 0.02 min (cpu), 0.82 min (real)
