	CLs = 0.0356954 +/- 0.0122178
	CLs = 0.0383065 +/- 0.00903706
	CLs = 0.0288394 +/- 0.00643075
	CLs      = 0.0288394 +/- 0.00643075
	CLb      = 0.489362 +/- 0.0257797
	CLsplusb = 0.0141129 +/- 0.00305788


 -- Hybrid New -- 
Limit: r < 6.73334 +/- 0.173289 @ 95% CL
Done in 0.00 min (cpu), 0.11 min (real)
