	CLs = 0.0499232 +/- 0.0143347
	CLs = 0.0504032 +/- 0.0104548
	CLs = 0.0554022 +/- 0.00900286
	CLs = 0.0559067 +/- 0.0076893
	CLs = 0.0467742 +/- 0.00634828
	CLs = 0.0422276 +/- 0.00548079
	CLs = 0.0408067 +/- 0.00498403
	CLs      = 0.0408067 +/- 0.00498403
	CLb      = 0.501126 +/- 0.0167789
	CLsplusb = 0.0204493 +/- 0.00240194


 -- HybridNew, before fit -- 
Limit: r < 12.4521 +/- 6.78563 [11.6739, 13.5713]
Fit to 5 points: 12.6944 +/- 0.130969

 -- Hybrid New -- 
Limit: r < 12.6944 +/- 0.130969 @ 95% CL
Done in 0.01 min (cpu), 0.67 min (real)
