	CLs = 0.0385694 +/- 0.0118912
	CLs = 0.0528455 +/- 0.0107721
	CLs = 0.04773 +/- 0.00848946
	CLs = 0.0480061 +/- 0.00716597
	CLs = 0.0483456 +/- 0.00651843
	CLs = 0.05121 +/- 0.00609047
	CLs = 0.0465019 +/- 0.00537466
	CLs = 0.0475663 +/- 0.00507386
	CLs = 0.047491 +/- 0.00476903
	CLs      = 0.047491 +/- 0.00476903
	CLb      = 0.5 +/- 0.0147828
	CLsplusb = 0.0237455 +/- 0.00227882


 -- HybridNew, before fit -- 
Limit: r < 8.21642 +/- 0.642874 [7.85872, 9.10821]
Fit to 4 points: 8.4512 +/- 0.0930136

 -- Hybrid New -- 
Limit: r < 8.4512 +/- 0.0930136 @ 95% CL
Done in 0.01 min (cpu), 0.39 min (real)
