	CLs = 0.050213 +/- 0.0158332
	CLs = 0.0471014 +/- 0.00949858
	CLs = 0.0355343 +/- 0.00700969
	CLs = 0.041515 +/- 0.00659193
	CLs = 0.0451613 +/- 0.00623098
	CLs = 0.0447078 +/- 0.00568198
	CLs = 0.0478111 +/- 0.00542741
	CLs = 0.0466912 +/- 0.00500211
	CLs = 0.0421147 +/- 0.00447456
	CLs      = 0.0421147 +/- 0.00447456
	CLb      = 0.5 +/- 0.0147828
	CLsplusb = 0.0210573 +/- 0.00214891


 -- HybridNew, before fit -- 
Limit: r < 11.1971 +/- 10 [10.8472, 13.3978]
Fit to 4 points: 11.3696 +/- 0.173317

 -- Hybrid New -- 
Limit: r < 11.3696 +/- 0.173317 @ 95% CL
Done in 0.02 min (cpu), 0.81 min (real)
