	CLs = 0.0466893 +/- 0.0146238
	CLs = 0.0544355 +/- 0.0108954
	CLs = 0.0430108 +/- 0.00784136
	CLs = 0.037447 +/- 0.00632432
	CLs = 0.0336421 +/- 0.00545737
	CLs = 0.0331658 +/- 0.00479994
	CLs      = 0.0331658 +/- 0.00479994
	CLb      = 0.506579 +/- 0.0181353
	CLsplusb = 0.0168011 +/- 0.00235599


 -- HybridNew, before fit -- 
Limit: r < 10.4383 +/- 6.21485 [7.82872, 10.9361]
Fit to 4 points: 9.91616 +/- 0.242453

 -- Hybrid New -- 
Limit: r < 9.91616 +/- 0.242453 @ 95% CL
Done in 0.01 min (cpu), 0.63 min (real)
