	CLs = 0.0451066 +/- 0.0140852
	CLs = 0.0327869 +/- 0.00840115
	CLs = 0.0256742 +/- 0.00600181
	CLs      = 0.0256742 +/- 0.00600181
	CLb      = 0.49734 +/- 0.0257852
	CLsplusb = 0.0127688 +/- 0.00291061


 -- Hybrid New -- 
Limit: r < 5.32472 +/- 0.140442 @ 95% CL
Done in 0.00 min (cpu), 0.12 min (real)
