	CLs = 0.044665 +/- 0.0132775
	CLs = 0.0479167 +/- 0.0103628
	CLs = 0.0516545 +/- 0.00882979
	CLs = 0.0423387 +/- 0.0456822
	CLs = 0.0420686 +/- 0.00601152
	CLs = 0.0416667 +/- 0.00545003
	CLs = 0.0426267 +/- 0.00510661
	CLs = 0.0470603 +/- 0.00504505
	CLs = 0.0497312 +/- 0.00488762
	CLs      = 0.0497312 +/- 0.00488762
	CLb      = 0.5 +/- 0.0147828
	CLsplusb = 0.0248656 +/- 0.00233061


 -- HybridNew, before fit -- 
Limit: r < 15.6118 +/- 1.03402 [15.2208, 17.8059]
Fit to 4 points: 16.1179 +/- 0.195538

 -- Hybrid New -- 
Limit: r < 16.1179 +/- 0.195538 @ 95% CL
Done in 0.01 min (cpu), 0.63 min (real)
