	CLs = 0.0444371 +/- 0.0154683
	CLs = 0.0419847 +/- 0.00920297
	CLs = 0.0483871 +/- 0.00834804
	CLs = 0.047043 +/- 0.00726495
	CLs = 0.0506512 +/- 0.0065544
	CLs = 0.0471961 +/- 0.00569852
	CLs = 0.0455698 +/- 0.00525794
	CLs = 0.0432548 +/- 0.00477759
	CLs      = 0.0432548 +/- 0.00477759
	CLb      = 0.50689 +/- 0.0156849
	CLsplusb = 0.0219254 +/- 0.00232474


 -- HybridNew, before fit -- 
Limit: r < 7.31874 +/- 5 [6.4039, 7.98906]
Fit to 5 points: 7.01065 +/- 0.0922625

 -- Hybrid New -- 
Limit: r < 7.01065 +/- 0.0922625 @ 95% CL
Done in 0.01 min (cpu), 0.73 min (real)
