	CLs = 0.0576037 +/- 0.0154771
	CLs = 0.0433884 +/- 0.00978341
	CLs = 0.0510753 +/- 0.00859269
	CLs = 0.0357073 +/- 0.00619492
	CLs = 0.0409993 +/- 0.00590972
	CLs = 0.0413592 +/- 0.00535947
	CLs = 0.0417685 +/- 0.00503334
	CLs = 0.0404021 +/- 0.0046482
	CLs      = 0.0404021 +/- 0.0046482
	CLb      = 0.499016 +/- 0.0156864
	CLsplusb = 0.0201613 +/- 0.00223126


 -- HybridNew, before fit -- 
Limit: r < 6.68601 +/- 0.955145 [6.44723, 6.9248]
Fit to 3 points: 6.71073 +/- 0.0721668

 -- Hybrid New -- 
Limit: r < 6.71073 +/- 0.0721668 @ 95% CL
Done in 0.01 min (cpu), 0.67 min (real)
