	CLs = 0.0697891 +/- 0.0191822
	CLs = 0.072314 +/- 0.0128945
	CLs = 0.0698925 +/- 0.0101809
	CLs = 0.063253 +/- 0.00840502
	CLs = 0.0646959 +/- 0.00746266
	CLs = 0.0665323 +/- 0.00700354
	CLs = 0.0675484 +/- 0.00654565
	CLs = 0.0698314 +/- 0.00624059
	CLs      = 0.0698314 +/- 0.00624059
	CLb      = 0.498031 +/- 0.0156863
	CLsplusb = 0.0347782 +/- 0.00290858


 -- Hybrid New -- 
Limit: r < 11.0568 +/- 0.502963 @ 95% CL
Done in 0.01 min (cpu), 0.37 min (real)
