	CLs = 0.0524194 +/- 0.0151237
	CLs = 0.0557692 +/- 0.0107469
	CLs = 0.0500112 +/- 0.00839719
	CLs = 0.0497903 +/- 0.00737166
	CLs = 0.0418156 +/- 0.00591043
	CLs = 0.0446742 +/- 0.00563046
	CLs = 0.0449309 +/- 0.00525108
	CLs = 0.0442867 +/- 0.00490085
	CLs      = 0.0442867 +/- 0.00490085
	CLb      = 0.495079 +/- 0.0156856
	CLsplusb = 0.0219254 +/- 0.00232474


 -- HybridNew, before fit -- 
Limit: r < 10.5984 +/- 10 [10.2672, 12.9488]
Fit to 4 points: 11.2083 +/- 0.253198

 -- Hybrid New -- 
Limit: r < 11.2083 +/- 0.253198 @ 95% CL
Done in 0.01 min (cpu), 0.59 min (real)
