	CLs = 0.0201613 +/- 0.0208841
	CLs = 0.0354167 +/- 0.00882696
	CLs = 0.0335056 +/- 0.007017
	CLs = 0.0298212 +/- 0.00588141
	CLs      = 0.0298212 +/- 0.00588141
	CLb      = 0.456349 +/- 0.0221867
	CLsplusb = 0.0136089 +/- 0.00260115


 -- Hybrid New -- 
Limit: r < 10.4102 +/- 0.185804 @ 95% CL
Done in 0.00 min (cpu), 0.14 min (real)
