	CLs = 0.0891341 +/- 0.0208683
	CLs = 0.0785124 +/- 0.0134941
	CLs = 0.0746281 +/- 0.0103928
	CLs = 0.0731455 +/- 0.00893346
	CLs = 0.0697966 +/- 0.00790494
	CLs = 0.0716135 +/- 0.00731287
	CLs = 0.0693291 +/- 0.00667403
	CLs = 0.0688193 +/- 0.00619105
	CLs      = 0.0688193 +/- 0.00619105
	CLb      = 0.498031 +/- 0.0156863
	CLsplusb = 0.0342742 +/- 0.00288818


 -- Hybrid New -- 
Limit: r < 15.189 +/- 0.273831 @ 95% CL
Done in 0.01 min (cpu), 0.25 min (real)
