	CLs = 0.0333704 +/- 0.0121191
	CLs = 0.046748 +/- 0.010088
	CLs = 0.0407562 +/- 0.00766585
	CLs = 0.0460946 +/- 0.00710609
	CLs = 0.0442149 +/- 0.00615063
	CLs = 0.0432492 +/- 0.00562396
	CLs = 0.042241 +/- 0.00509471
	CLs = 0.0421727 +/- 0.00473937
	CLs      = 0.0421727 +/- 0.00473937
	CLb      = 0.501969 +/- 0.0156863
	CLsplusb = 0.0211694 +/- 0.00228519

Fit to 12 points: 8.2313 +/- 1.05882

 -- Hybrid New -- 
Limit: r < 9.93566 +/- 0.620979 @ 95% CL
Done in 0.03 min (cpu), 1.63 min (real)
