	CLs = 0.0351197 +/- 0.0120072
	CLs = 0.0609756 +/- 0.0116371
	CLs = 0.0604839 +/- 0.00941098
	CLs = 0.0450702 +/- 0.00702162
	CLs = 0.0461895 +/- 0.00626219
	CLs = 0.0402167 +/- 0.00534134
	CLs = 0.0404136 +/- 0.00497086
	CLs      = 0.0404136 +/- 0.00497086
	CLb      = 0.498874 +/- 0.0167789
	CLsplusb = 0.0201613 +/- 0.00238532


 -- HybridNew, before fit -- 
Limit: r < 8.24083 +/- 0.563131 [7.83815, 10.6538]
Fit to 4 points: 8.36331 +/- 0.162446

 -- Hybrid New -- 
Limit: r < 8.36331 +/- 0.162446 @ 95% CL
Done in 0.01 min (cpu), 0.42 min (real)
