	CLs = 0.0403226 +/- 0.0433598
	CLs = 0.0368852 +/- 0.0089375
	CLs = 0.0439458 +/- 0.00802575
	CLs = 0.0504032 +/- 0.00738714
	CLs = 0.0436866 +/- 0.0061329
	CLs = 0.0428979 +/- 0.00552665
	CLs = 0.0414747 +/- 0.00503315
	CLs = 0.0447069 +/- 0.00492009
	CLs      = 0.0447069 +/- 0.00492009
	CLb      = 0.496063 +/- 0.0156859
	CLsplusb = 0.0221774 +/- 0.00233776


 -- HybridNew, before fit -- 
Limit: r < 13.2131 +/- 1.65407 [11.7297, 16.6065]
Fit to 5 points: 13.4761 +/- 0.324765

 -- Hybrid New -- 
Limit: r < 13.4761 +/- 0.324765 @ 95% CL
Done in 0.01 min (cpu), 0.53 min (real)
