	CLs = 0.0468262 +/- 0.0139785
	CLs = 0.036 +/- 0.00870837
	CLs = 0.0359011 +/- 0.00723336
	CLs = 0.0377478 +/- 0.00637869
	CLs = 0.0375724 +/- 0.00569302
	CLs = 0.0439139 +/- 0.00562001
	CLs = 0.0437788 +/- 0.00517924
	CLs = 0.0441809 +/- 0.00485752
	CLs      = 0.0441809 +/- 0.00485752
	CLb      = 0.501969 +/- 0.0156863
	CLsplusb = 0.0221774 +/- 0.00233776


 -- HybridNew, before fit -- 
Limit: r < 13.093 +/- 10 [12.2747, 13.9564]
Fit to 5 points: 13.162 +/- 0.115867

 -- Hybrid New -- 
Limit: r < 13.162 +/- 0.115867 @ 95% CL
Done in 0.01 min (cpu), 0.72 min (real)
