	CLs = 0.0365186 +/- 0.0133439
	CLs = 0.0376984 +/- 0.00888338
	CLs = 0.0561529 +/- 0.00901406
	CLs = 0.0572614 +/- 0.00805576
	CLs = 0.0504869 +/- 0.00658891
	CLs = 0.0505362 +/- 0.00604749
	CLs = 0.0484963 +/- 0.00547557
	CLs = 0.0510077 +/- 0.00526075
	CLs = 0.0508942 +/- 0.00496287
	CLs      = 0.0508942 +/- 0.00496287
	CLb      = 0.497378 +/- 0.0147826
	CLsplusb = 0.0253136 +/- 0.00235097


 -- HybridNew, before fit -- 
Limit: r < 6.23884 +/- 3.65937 [6.04388, 7.31874]
Fit to 4 points: 6.60388 +/- 0.10271

 -- Hybrid New -- 
Limit: r < 6.60388 +/- 0.10271 @ 95% CL
Done in 0.01 min (cpu), 0.55 min (real)
