	CLs = 0.0483871 +/- 0.0169689
	CLs = 0.054878 +/- 0.010993
	CLs = 0.0628378 +/- 0.00957859
	CLs = 0.0590075 +/- 0.00800373
	CLs = 0.0555418 +/- 0.00700917
	CLs = 0.0566762 +/- 0.00639308
	CLs = 0.0525377 +/- 0.00571484
	CLs = 0.0479775 +/- 0.00509159
	CLs = 0.0479098 +/- 0.00481476
	CLs      = 0.0479098 +/- 0.00481476
	CLb      = 0.495629 +/- 0.0147822
	CLsplusb = 0.0237455 +/- 0.00227882


 -- HybridNew, before fit -- 
Limit: r < 20 +/- 20 [19.375, 21.25]
Fit to 5 points: 20.176 +/- 0.128896

 -- Hybrid New -- 
Limit: r < 20.176 +/- 0.128896 @ 95% CL
Done in 0.01 min (cpu), 0.66 min (real)
