	CLs = 0.0577756 +/- 0.0149633
	CLs = 0.0852273 +/- 0.0134101
	CLs = 0.0811744 +/- 0.0108843
	CLs = 0.0782419 +/- 0.0094212
	CLs = 0.0812298 +/- 0.00849752
	CLs      = 0.0812298 +/- 0.00849752
	CLb      = 0.506329 +/- 0.0198873
	CLsplusb = 0.041129 +/- 0.00398776


 -- Hybrid New -- 
Limit: r < 5.44462 +/- 0.2149 @ 95% CL
Done in 0.01 min (cpu), 0.22 min (real)
