	CLs = 0.0682382 +/- 0.0222378
	CLs = 0.0583333 +/- 0.0135165
	CLs = 0.0427832 +/- 0.00779657
	CLs = 0.0471918 +/- 0.00711658
	CLs = 0.0442149 +/- 0.00615063
	CLs = 0.0464933 +/- 0.00578454
	CLs = 0.0460829 +/- 0.00532215
	CLs = 0.0478831 +/- 0.0050807
	CLs = 0.0448029 +/- 0.00462363
	CLs      = 0.0448029 +/- 0.00462363
	CLb      = 0.5 +/- 0.0147828
	CLsplusb = 0.0224014 +/- 0.00221491


 -- HybridNew, before fit -- 
Limit: r < 9.54064 +/- 6.19361 [8.94435, 10.2523]
Fit to 5 points: 9.56443 +/- 0.111071

 -- Hybrid New -- 
Limit: r < 9.56443 +/- 0.111071 @ 95% CL
Done in 0.02 min (cpu), 0.84 min (real)
