	CLs = 0.0564516 +/- 0.0157404
	CLs = 0.0504032 +/- 0.0104548
	CLs = 0.0543415 +/- 0.00893662
	CLs = 0.0504032 +/- 0.00738714
	CLs = 0.0458227 +/- 0.00626833
	CLs = 0.0398603 +/- 0.00533933
	CLs = 0.0427243 +/- 0.00515759
	CLs = 0.0475663 +/- 0.00507386
	CLs = 0.0454097 +/- 0.00466577
	CLs      = 0.0454097 +/- 0.00466577
	CLb      = 0.498252 +/- 0.0147827
	CLsplusb = 0.0226254 +/- 0.0022257


 -- HybridNew, before fit -- 
Limit: r < 5.99518 +/- 0.390775 [5.54612, 6.74759]
Fit to 5 points: 6.02065 +/- 0.0598374

 -- Hybrid New -- 
Limit: r < 6.02065 +/- 0.0598374 @ 95% CL
Done in 0.01 min (cpu), 0.63 min (real)
