	CLs = 0.056926 +/- 0.0147191
	CLs = 0.0606618 +/- 0.0109554
	CLs = 0.0549322 +/- 0.00904351
	CLs = 0.0510065 +/- 0.00740151
	CLs = 0.0514501 +/- 0.00666752
	CLs = 0.0485148 +/- 0.00591713
	CLs = 0.0498762 +/- 0.00557216
	CLs = 0.0458138 +/- 0.0049899
	CLs      = 0.0458138 +/- 0.0049899
	CLb      = 0.495079 +/- 0.0156856
	CLsplusb = 0.0226815 +/- 0.00236357


 -- HybridNew, before fit -- 
Limit: r < 15.7417 +/- 8.58472 [13.774, 17.1694]
Fit to 5 points: 15.7325 +/- 0.330899

 -- Hybrid New -- 
Limit: r < 15.7325 +/- 0.330899 @ 95% CL
Done in 0.02 min (cpu), 0.80 min (real)
