	CLs = 0.0577756 +/- 0.0149633
	CLs = 0.0635593 +/- 0.0121874
	CLs = 0.0542494 +/- 0.00917985
	CLs = 0.0531246 +/- 0.00741768
	CLs = 0.0478788 +/- 0.00627447
	CLs = 0.0432175 +/- 0.00547752
	CLs = 0.0458332 +/- 0.00525463
	CLs = 0.0450966 +/- 0.00490534
	CLs      = 0.0450966 +/- 0.00490534
	CLb      = 0.502953 +/- 0.0156861
	CLsplusb = 0.0226815 +/- 0.00236357


 -- HybridNew, before fit -- 
Limit: r < 30.8268 +/- 20 [29.8634, 35.4134]
Fit to 4 points: 31.4914 +/- 0.531164

 -- Hybrid New -- 
Limit: r < 31.4914 +/- 0.531164 @ 95% CL
Done in 0.01 min (cpu), 0.73 min (real)
