	CLs = 0.0384025 +/- 0.0124748
	CLs = 0.042 +/- 0.00944568
	CLs = 0.0524194 +/- 0.00871306
	CLs = 0.0580373 +/- 0.00771058
	CLs = 0.0530579 +/- 0.00677826
	CLs = 0.0489019 +/- 0.00596856
	CLs = 0.0471736 +/- 0.0053488
	CLs = 0.0454524 +/- 0.00494726
	CLs      = 0.0454524 +/- 0.00494726
	CLb      = 0.499016 +/- 0.0156864
	CLsplusb = 0.0226815 +/- 0.00236357


 -- HybridNew, before fit -- 
Limit: r < 14.4028 +/- 10 [13.9527, 20]
Fit to 4 points: 15.733 +/- 0.375477

 -- Hybrid New -- 
Limit: r < 15.733 +/- 0.375477 @ 95% CL
Done in 0.01 min (cpu), 0.68 min (real)
