	CLs = 0.0738108 +/- 0.0184017
	CLs = 0.056 +/- 0.0110128
	CLs = 0.0443548 +/- 0.00797038
	CLs = 0.0483871 +/- 0.00722791
	CLs = 0.0469227 +/- 0.00637017
	CLs = 0.0466163 +/- 0.00580115
	CLs = 0.0475967 +/- 0.00540095
	CLs = 0.0469675 +/- 0.00503425
	CLs = 0.0449601 +/- 0.00464119
	CLs      = 0.0449601 +/- 0.00464119
	CLb      = 0.498252 +/- 0.0147827
	CLsplusb = 0.0224014 +/- 0.00221491

Fit to 12 points: 35.5855 +/- 9.52732

 -- Hybrid New -- 
Limit: r < 28.1527 +/- 2.41198 @ 95% CL
Done in 0.03 min (cpu), 1.82 min (real)
