	CLs = 0.0458843 +/- 0.0143495
	CLs = 0.050813 +/- 0.0105478
	CLs = 0.0481311 +/- 0.00829995
	CLs = 0.0617082 +/- 0.00833109
	CLs = 0.0628823 +/- 0.00755089
	CLs = 0.0551455 +/- 0.00624476
	CLs = 0.0550868 +/- 0.00577434
	CLs = 0.0526869 +/- 0.00527727
	CLs = 0.0509004 +/- 0.00491515
	CLs      = 0.0509004 +/- 0.00491515
	CLb      = 0.506119 +/- 0.0147817
	CLsplusb = 0.0257616 +/- 0.00237114


 -- HybridNew, before fit -- 
Limit: r < 16.7478 +/- 9.01588 [16.2245, 18.0318]
Fit to 4 points: 17.0508 +/- 0.23093

 -- Hybrid New -- 
Limit: r < 17.0508 +/- 0.23093 @ 95% CL
Done in 0.02 min (cpu), 0.94 min (real)
