	CLs = 0.0594923 +/- 0.0160421
	CLs = 0.0548246 +/- 0.011465
	CLs = 0.0442561 +/- 0.00822928
	CLs = 0.0423387 +/- 0.00691542
	CLs = 0.0418156 +/- 0.00591043
	CLs = 0.0466678 +/- 0.00567261
	CLs = 0.0476644 +/- 0.0054458
	CLs = 0.0473241 +/- 0.00501626
	CLs = 0.0473897 +/- 0.0048342
	CLs      = 0.0473897 +/- 0.0048342
	CLb      = 0.486888 +/- 0.0147777
	CLsplusb = 0.0230735 +/- 0.00224712


 -- HybridNew, before fit -- 
Limit: r < 8.52596 +/- 0.510412 [8.21966, 10.7717]
Fit to 4 points: 8.94717 +/- 0.165382

 -- Hybrid New -- 
Limit: r < 8.94717 +/- 0.165382 @ 95% CL
Done in 0.01 min (cpu), 0.55 min (real)
