	CLs = 0.0685484 +/- 0.0174954
	CLs = 0.0520833 +/- 0.0122563
	CLs = 0.054242 +/- 0.0087956
	CLs = 0.054297 +/- 0.00752082
	CLs = 0.0532996 +/- 0.00693048
	CLs = 0.0502709 +/- 0.00601283
	CLs = 0.0502283 +/- 0.00557906
	CLs = 0.0504111 +/- 0.00519358
	CLs = 0.0507159 +/- 0.00494389
	CLs      = 0.0507159 +/- 0.00494389
	CLb      = 0.499126 +/- 0.0147828
	CLsplusb = 0.0253136 +/- 0.00235097


 -- HybridNew, before fit -- 
Limit: r < 7.31874 +/- 5 [7.09003, 7.98906]
Fit to 4 points: 7.54219 +/- 0.0743489

 -- Hybrid New -- 
Limit: r < 7.54219 +/- 0.0743489 @ 95% CL
Done in 0.01 min (cpu), 0.61 min (real)
