	CLs = 0.0500556 +/- 0.0150355
	CLs = 0.0644531 +/- 0.0117218
	CLs = 0.0481311 +/- 0.00829995
	CLs = 0.0451836 +/- 0.00695397
	CLs = 0.0455941 +/- 0.00629571
	CLs = 0.0456272 +/- 0.00576065
	CLs = 0.0537841 +/- 0.00575798
	CLs = 0.0526265 +/- 0.00535536
	CLs = 0.0486422 +/- 0.00484438
	CLs      = 0.0486422 +/- 0.00484438
	CLb      = 0.497378 +/- 0.0147826
	CLsplusb = 0.0241935 +/- 0.00229969


 -- HybridNew, before fit -- 
Limit: r < 12.1515 +/- 10 [10.6326, 13.1326]
Fit to 5 points: 11.9338 +/- 0.163482

 -- Hybrid New -- 
Limit: r < 11.9338 +/- 0.163482 @ 95% CL
Done in 0.01 min (cpu), 0.62 min (real)
