	CLs = 0.0403226 +/- 0.0131477
	CLs = 0.0376984 +/- 0.00888338
	CLs = 0.0414462 +/- 0.0076667
	CLs = 0.0489701 +/- 0.00732283
	CLs = 0.0424731 +/- 0.00601067
	CLs = 0.0439139 +/- 0.00562001
	CLs = 0.0491847 +/- 0.00552382
	CLs = 0.0484825 +/- 0.00512008
	CLs = 0.0466361 +/- 0.0047508
	CLs      = 0.0466361 +/- 0.0047508
	CLb      = 0.494755 +/- 0.014782
	CLsplusb = 0.0230735 +/- 0.00224712


 -- HybridNew, before fit -- 
Limit: r < 16.9591 +/- 10.6538 [12.7193, 18.0462]
Fit to 5 points: 15.6505 +/- 0.500384

 -- Hybrid New -- 
Limit: r < 15.6505 +/- 0.500384 @ 95% CL
Done in 0.01 min (cpu), 0.74 min (real)
