	CLs = 0.0697102 +/- 0.0178305
	CLs = 0.0512295 +/- 0.0106425
	CLs = 0.0554022 +/- 0.00900286
	CLs = 0.0527989 +/- 0.00752293
	CLs = 0.0455354 +/- 0.00622574
	CLs = 0.0440074 +/- 0.00558576
	CLs = 0.0443548 +/- 0.00521525
	CLs = 0.0431023 +/- 0.00485212
	CLs      = 0.0431023 +/- 0.00485212
	CLb      = 0.491142 +/- 0.0156839
	CLsplusb = 0.0211694 +/- 0.00228519


 -- HybridNew, before fit -- 
Limit: r < 22.9771 +/- 15.2192 [22.2591, 30.4384]
Fit to 4 points: 24.4318 +/- 0.562512

 -- Hybrid New -- 
Limit: r < 24.4318 +/- 0.562512 @ 95% CL
Done in 0.02 min (cpu), 0.73 min (real)
