	CLs = 0.0546306 +/- 0.0151798
	CLs = 0.0544355 +/- 0.0108954
	CLs = 0.0513484 +/- 0.00864298
	CLs = 0.046371 +/- 0.00706594
	CLs = 0.0532258 +/- 0.00680178
	CLs = 0.0569008 +/- 0.00646406
	CLs = 0.0563248 +/- 0.00591735
	CLs = 0.0503042 +/- 0.0052104
	CLs = 0.0437538 +/- 0.00455715
	CLs      = 0.0437538 +/- 0.00455715
	CLb      = 0.501748 +/- 0.0147827
	CLsplusb = 0.0219534 +/- 0.00219315


 -- HybridNew, before fit -- 
Limit: r < 9.03498 +/- 0.717832 [8.64863, 9.54592]
Fit to 4 points: 9.04013 +/- 0.0868824

 -- Hybrid New -- 
Limit: r < 9.04013 +/- 0.0868824 @ 95% CL
Done in 0.01 min (cpu), 0.73 min (real)
