	CLs = 0.0509338 +/- 0.0153249
	CLs = 0.0442308 +/- 0.00949986
	CLs = 0.0492077 +/- 0.00837378
	CLs = 0.0459976 +/- 0.00717833
	CLs = 0.0524194 +/- 0.00674637
	CLs = 0.0544355 +/- 0.00628381
	CLs = 0.0456096 +/- 0.00529964
	CLs = 0.0479775 +/- 0.00509159
	CLs = 0.0488351 +/- 0.00484045
	CLs      = 0.0488351 +/- 0.00484045
	CLb      = 0.5 +/- 0.0147828
	CLsplusb = 0.0244176 +/- 0.00231005


 -- HybridNew, before fit -- 
Limit: r < 12.4863 +/- 1.82659 [12.0815, 14.3647]
Fit to 4 points: 12.8469 +/- 0.178354

 -- Hybrid New -- 
Limit: r < 12.8469 +/- 0.178354 @ 95% CL
Done in 0.01 min (cpu), 0.49 min (real)
