	CLs = 0.0322581 +/- 0.0116896
	CLs = 0.046371 +/- 0.00999963
	CLs = 0.0524194 +/- 0.00871306
	CLs = 0.0464693 +/- 0.0071688
	CLs = 0.0496855 +/- 0.00653288
	CLs = 0.0539713 +/- 0.00618216
	CLs = 0.0528571 +/- 0.00568325
	CLs = 0.0547279 +/- 0.00536241
	CLs = 0.0520417 +/- 0.00494032
	CLs      = 0.0520417 +/- 0.00494032
	CLb      = 0.512238 +/- 0.0147784
	CLsplusb = 0.0266577 +/- 0.00241092


 -- HybridNew, before fit -- 
Limit: r < 6.64223 +/- 5 [5.81196, 7.06196]
Fit to 5 points: 6.65867 +/- 0.148695

 -- Hybrid New -- 
Limit: r < 6.65867 +/- 0.148695 @ 95% CL
Done in 0.02 min (cpu), 0.83 min (real)
