	CLs = 0.0334988 +/- 0.0114165
	CLs = 0.0292969 +/- 0.00772009
	CLs = 0.0398259 +/- 0.00761767
	CLs = 0.0430216 +/- 0.00685025
	CLs = 0.0464751 +/- 0.00618673
	CLs = 0.0485481 +/- 0.00587632
	CLs = 0.0494631 +/- 0.00566983
	CLs = 0.0484416 +/- 0.00505706
	CLs = 0.0517902 +/- 0.00498498
	CLs      = 0.0517902 +/- 0.00498498
	CLb      = 0.501748 +/- 0.0147827
	CLsplusb = 0.0259857 +/- 0.00238115


 -- HybridNew, before fit -- 
Limit: r < 9.87091 +/- 5.55859 [9.25398, 10.494]
Fit to 5 points: 9.79241 +/- 0.118626

 -- Hybrid New -- 
Limit: r < 9.79241 +/- 0.118626 @ 95% CL
Done in 0.02 min (cpu), 0.93 min (real)
