	CLs = 0.0725806 +/- 0.0180539
	CLs = 0.0705645 +/- 0.012543
	CLs = 0.0882403 +/- 0.0115426
	CLs      = 0.0882403 +/- 0.0115426
	CLb      = 0.50266 +/- 0.0257852
	CLsplusb = 0.0443548 +/- 0.00533725


 -- Hybrid New -- 
Limit: r < 8.89771 +/- 0.197828 @ 95% CL
Done in 0.01 min (cpu), 0.25 min (real)
