	CLs = 0.0439883 +/- 0.0144448
	CLs = 0.0488722 +/- 0.00988862
	CLs = 0.0491338 +/- 0.0086223
	CLs = 0.0525926 +/- 0.00749071
	CLs = 0.0495069 +/- 0.00656646
	CLs = 0.0443548 +/- 0.00563346
	CLs = 0.0480274 +/- 0.00545412
	CLs = 0.0509102 +/- 0.00522096
	CLs = 0.0509861 +/- 0.00494828
	CLs      = 0.0509861 +/- 0.00494828
	CLb      = 0.500874 +/- 0.0147828
	CLsplusb = 0.0255376 +/- 0.00236108


 -- HybridNew, before fit -- 
Limit: r < 7.72013 +/- 5 [7.47887, 8.2901]
Fit to 4 points: 7.89111 +/- 0.0882466

 -- Hybrid New -- 
Limit: r < 7.89111 +/- 0.0882466 @ 95% CL
Done in 0.02 min (cpu), 0.83 min (real)
