	CLs = 0.0226815 +/- 0.00940507
	CLs = 0.046371 +/- 0.00999963
	CLs = 0.0454571 +/- 0.00805132
	CLs = 0.0490062 +/- 0.00724514
	CLs = 0.0460456 +/- 0.00624103
	CLs = 0.0480947 +/- 0.00590709
	CLs = 0.050342 +/- 0.00559284
	CLs = 0.0510077 +/- 0.00526075
	CLs = 0.0506217 +/- 0.00495837
	CLs      = 0.0506217 +/- 0.00495837
	CLb      = 0.495629 +/- 0.0147822
	CLsplusb = 0.0250896 +/- 0.00234082


 -- HybridNew, before fit -- 
Limit: r < 15.0387 +/- 10 [14.5687, 16.279]
Fit to 4 points: 15.4253 +/- 0.165558

 -- Hybrid New -- 
Limit: r < 15.4253 +/- 0.165558 @ 95% CL
Done in 0.02 min (cpu), 0.80 min (real)
