	CLs = 0.0500556 +/- 0.0150355
	CLs = 0.035124 +/- 0.00874916
	CLs = 0.0403226 +/- 0.00757816
	CLs = 0.0468983 +/- 0.00698632
	CLs = 0.0488509 +/- 0.00653143
	CLs = 0.0460626 +/- 0.00577284
	CLs = 0.0452015 +/- 0.00524829
	CLs = 0.0454524 +/- 0.00494726
	CLs      = 0.0454524 +/- 0.00494726
	CLb      = 0.499016 +/- 0.0156864
	CLsplusb = 0.0226815 +/- 0.00236357


 -- HybridNew, before fit -- 
Limit: r < 8.67487 +/- 0.493305 [8.38952, 10]
Fit to 4 points: 8.85028 +/- 0.103008

 -- Hybrid New -- 
Limit: r < 8.85028 +/- 0.103008 @ 95% CL
Done in 0.01 min (cpu), 0.58 min (real)
