	CLs = 0.042924 +/- 0.0133471
	CLs = 0.0360577 +/- 0.00962421
	CLs = 0.0339179 +/- 0.00783641
	CLs = 0.0307297 +/- 0.00573893
	CLs      = 0.0307297 +/- 0.00573893
	CLb      = 0.492063 +/- 0.022269
	CLsplusb = 0.015121 +/- 0.00273975


 -- Hybrid New -- 
Limit: r < 12.9569 +/- 0.177417 @ 95% CL
Done in 0.01 min (cpu), 0.28 min (real)
