	CLs = 0.0498102 +/- 0.0137123
	CLs = 0.052 +/- 0.0105831
	CLs = 0.0421147 +/- 0.00780007
	CLs = 0.0379963 +/- 0.00662017
	CLs = 0.0386597 +/- 0.00567109
	CLs = 0.039538 +/- 0.00519736
	CLs = 0.0416878 +/- 0.00498549
	CLs      = 0.0416878 +/- 0.00498549
	CLb      = 0.511261 +/- 0.0167746
	CLsplusb = 0.0213134 +/- 0.00245108


 -- HybridNew, before fit -- 
Limit: r < 8.58347 +/- 0.469868 [7.65066, 10]
Fit to 5 points: 8.34125 +/- 0.133871

 -- Hybrid New -- 
Limit: r < 8.34125 +/- 0.133871 @ 95% CL
Done in 0.01 min (cpu), 0.40 min (real)
