	CLs = 0.0246036 +/- 0.0102413
	CLs = 0.034 +/- 0.00845112
	CLs = 0.0423285 +/- 0.00757757
	CLs = 0.0423387 +/- 0.006733
	CLs = 0.0511301 +/- 0.00668069
	CLs = 0.0467312 +/- 0.00572529
	CLs = 0.0455069 +/- 0.00528671
	CLs = 0.046037 +/- 0.00504728
	CLs = 0.0484718 +/- 0.00482591
	CLs      = 0.0484718 +/- 0.00482591
	CLb      = 0.499126 +/- 0.0147828
	CLsplusb = 0.0241935 +/- 0.00229969


 -- HybridNew, before fit -- 
Limit: r < 32.1112 +/- 2.16936 [30.6322, 40]
Fit to 4 points: 32.8263 +/- 0.790918

 -- Hybrid New -- 
Limit: r < 32.8263 +/- 0.790918 @ 95% CL
Done in 0.01 min (cpu), 0.52 min (real)
