	CLs = 0.0443548 +/- 0.0138303
	CLs = 0.0364078 +/- 0.00972402
	CLs = 0.0461903 +/- 0.0081923
	CLs = 0.0489701 +/- 0.00732283
	CLs = 0.0549009 +/- 0.0069781
	CLs = 0.0545335 +/- 0.00625294
	CLs = 0.0508017 +/- 0.00564864
	CLs = 0.0506024 +/- 0.00524414
	CLs = 0.0483871 +/- 0.00481673
	CLs      = 0.0483871 +/- 0.00481673
	CLb      = 0.5 +/- 0.0147828
	CLsplusb = 0.0241935 +/- 0.00229969


 -- HybridNew, before fit -- 
Limit: r < 9.63469 +/- 0.778758 [9.00196, 12.263]
Fit to 5 points: 10.1016 +/- 0.222489

 -- Hybrid New -- 
Limit: r < 10.1016 +/- 0.222489 @ 95% CL
Done in 0.01 min (cpu), 0.58 min (real)
