	CLs = 0.0791789 +/- 0.0199348
	CLs = 0.0883621 +/- 0.014778
	CLs = 0.0819529 +/- 0.011219
	CLs = 0.0763063 +/- 0.00901976
	CLs = 0.068766 +/- 0.00782659
	CLs = 0.0700769 +/- 0.00721557
	CLs = 0.0652275 +/- 0.00638927
	CLs = 0.0645201 +/- 0.00599096
	CLs = 0.0690133 +/- 0.00576852
	CLs      = 0.0690133 +/- 0.00576852
	CLb      = 0.509615 +/- 0.0147801
	CLsplusb = 0.0351703 +/- 0.00275709


 -- Hybrid New -- 
Limit: r < 10.255 +/- 0.232392 @ 95% CL
Done in 0.01 min (cpu), 0.23 min (real)
