	CLs = 0.0241935 +/- 0.0100624
	CLs = 0.0351562 +/- 0.00849063
	CLs = 0.0305447 +/- 0.00666529
	CLs = 0.0420053 +/- 0.00667586
	CLs = 0.0451613 +/- 0.00623098
	CLs = 0.0461367 +/- 0.00564628
	CLs = 0.0483103 +/- 0.00541696
	CLs = 0.0478831 +/- 0.0050807
	CLs = 0.0439068 +/- 0.00457436
	CLs      = 0.0439068 +/- 0.00457436
	CLb      = 0.5 +/- 0.0147828
	CLsplusb = 0.0219534 +/- 0.00219315


 -- HybridNew, before fit -- 
Limit: r < 10.2123 +/- 0.647179 [9.74706, 12.5177]
Fit to 4 points: 10.609 +/- 0.178587

 -- Hybrid New -- 
Limit: r < 10.609 +/- 0.178587 @ 95% CL
Done in 0.01 min (cpu), 0.46 min (real)
