	CLs = 0.0396616 +/- 0.0129155
	CLs = 0.0396825 +/- 0.00912666
	CLs = 0.0465478 +/- 0.00812962
	CLs = 0.038852 +/- 0.00639283
	CLs = 0.0364055 +/- 0.00557032
	CLs = 0.03971 +/- 0.00536754
	CLs = 0.0403226 +/- 0.00495883
	CLs      = 0.0403226 +/- 0.00495883
	CLb      = 0.5 +/- 0.0167789
	CLsplusb = 0.0201613 +/- 0.00238532


 -- HybridNew, before fit -- 
Limit: r < 23.2399 +/- 3.65318 [21.7341, 25.3349]
Fit to 5 points: 22.7604 +/- 0.246754

 -- Hybrid New -- 
Limit: r < 22.7604 +/- 0.246754 @ 95% CL
Done in 0.01 min (cpu), 0.69 min (real)
