	CLs = 0.0725806 +/- 0.0180539
	CLs = 0.054 +/- 0.0107996
	CLs = 0.0388751 +/- 0.00728635
	CLs = 0.0400051 +/- 0.00650607
	CLs = 0.0407091 +/- 0.00592864
	CLs = 0.0411028 +/- 0.00541874
	CLs = 0.0449309 +/- 0.00525108
	CLs = 0.048103 +/- 0.00507649
	CLs = 0.0464719 +/- 0.00473265
	CLs      = 0.0464719 +/- 0.00473265
	CLb      = 0.496503 +/- 0.0147824
	CLsplusb = 0.0230735 +/- 0.00224712


 -- HybridNew, before fit -- 
Limit: r < 8.50819 +/- 5 [8.24231, 10]
Fit to 4 points: 8.84799 +/- 0.143015

 -- Hybrid New -- 
Limit: r < 8.84799 +/- 0.143015 @ 95% CL
Done in 0.01 min (cpu), 0.73 min (real)
