	CLs = 0.0645161 +/- 0.0169245
	CLs = 0.079918 +/- 0.0135619
	CLs = 0.0591398 +/- 0.00929733
	CLs = 0.046371 +/- 0.00706594
	CLs = 0.0453047 +/- 0.00625241
	CLs = 0.0411028 +/- 0.00541874
	CLs = 0.0405335 +/- 0.00494815
	CLs      = 0.0405335 +/- 0.00494815
	CLb      = 0.504505 +/- 0.0167782
	CLsplusb = 0.0204493 +/- 0.00240194


 -- HybridNew, before fit -- 
Limit: r < 15.1576 +/- 10 [13.2629, 16.3682]
Fit to 5 points: 14.7793 +/- 0.204398

 -- Hybrid New -- 
Limit: r < 14.7793 +/- 0.204398 @ 95% CL
Done in 0.01 min (cpu), 0.59 min (real)
