	CLs = 0.085389 +/- 0.0217388
	CLs = 0.0866142 +/- 0.0138477
	CLs = 0.0914905 +/- 0.0123727
	CLs      = 0.0914905 +/- 0.0123727
	CLb      = 0.462766 +/- 0.0257139
	CLsplusb = 0.0423387 +/- 0.00522003


 -- Hybrid New -- 
Limit: r < 11.1144 +/- 0.550834 @ 95% CL
Done in 0.00 min (cpu), 0.08 min (real)
