	CLs = 0.0396616 +/- 0.0129155
	CLs = 0.0590551 +/- 0.0112309
	CLs = 0.0497312 +/- 0.00847104
	CLs = 0.050204 +/- 0.00735526
	CLs = 0.0506512 +/- 0.0065544
	CLs = 0.047841 +/- 0.00587319
	CLs = 0.0469285 +/- 0.0054282
	CLs = 0.0465078 +/- 0.00504106
	CLs = 0.0468846 +/- 0.00477828
	CLs      = 0.0468846 +/- 0.00477828
	CLb      = 0.492133 +/- 0.014781
	CLsplusb = 0.0230735 +/- 0.00224712


 -- HybridNew, before fit -- 
Limit: r < 11.7217 +/- 6.28169 [8.79127, 12.5634]
Fit to 5 points: 11.2449 +/- 0.297057

 -- Hybrid New -- 
Limit: r < 11.2449 +/- 0.297057 @ 95% CL
Done in 0.01 min (cpu), 0.62 min (real)
