	CLs = 0.0483871 +/- 0.0144879
	CLs = 0.0472441 +/- 0.00996619
	CLs = 0.0249911 +/- 0.00600404
	CLs      = 0.0249911 +/- 0.00600404
	CLb      = 0.484043 +/- 0.0257724
	CLsplusb = 0.0120968 +/- 0.00283394


 -- Hybrid New -- 
Limit: r < 10.2503 +/- 0.169747 @ 95% CL
Done in 0.01 min (cpu), 0.20 min (real)
