	CLs = 0.0432028 +/- 0.0141655
	CLs = 0.0424528 +/- 0.0103944
	CLs = 0.0370792 +/- 0.00733571
	CLs = 0.0413306 +/- 0.00664773
	CLs = 0.0467742 +/- 0.00634828
	CLs = 0.0456989 +/- 0.00572344
	CLs = 0.0439125 +/- 0.00527307
	CLs = 0.0440944 +/- 0.00484724
	CLs      = 0.0440944 +/- 0.00484724
	CLb      = 0.502953 +/- 0.0156861
	CLsplusb = 0.0221774 +/- 0.00233776


 -- HybridNew, before fit -- 
Limit: r < 17.676 +/- 10.8822 [13.257, 21.7645]
Fit to 6 points: 17.5026 +/- 0.430026

 -- Hybrid New -- 
Limit: r < 17.5026 +/- 0.430026 @ 95% CL
Done in 0.01 min (cpu), 0.62 min (real)
