	CLs = 0.0259217 +/- 0.0108182
	CLs = 0.0348837 +/- 0.00842044
	CLs = 0.0332484 +/- 0.00680835
	CLs = 0.0421714 +/- 0.00670431
	CLs = 0.0458227 +/- 0.00626833
	CLs = 0.0471671 +/- 0.00582899
	CLs = 0.0435825 +/- 0.00515415
	CLs = 0.0435181 +/- 0.0048397
	CLs      = 0.0435181 +/- 0.0048397
	CLb      = 0.498031 +/- 0.0156863
	CLsplusb = 0.0216734 +/- 0.00231164


 -- HybridNew, before fit -- 
Limit: r < 10.5957 +/- 5.80934 [10.2646, 11.6187]
Fit to 4 points: 10.6524 +/- 0.15089

 -- Hybrid New -- 
Limit: r < 10.6524 +/- 0.15089 @ 95% CL
Done in 0.02 min (cpu), 0.85 min (real)
