	CLs = 0.0375417 +/- 0.0128962
	CLs = 0.0604839 +/- 0.0115329
	CLs = 0.0716384 +/- 0.0101324
	CLs = 0.0580074 +/- 0.00793032
	CLs = 0.0501587 +/- 0.00660081
	CLs = 0.0466745 +/- 0.00576291
	CLs = 0.0434089 +/- 0.00520779
	CLs = 0.0438508 +/- 0.00484874
	CLs      = 0.0438508 +/- 0.00484874
	CLb      = 0.5 +/- 0.0156864
	CLsplusb = 0.0219254 +/- 0.00232474


 -- HybridNew, before fit -- 
Limit: r < 6.66924 +/- 0.798973 [6.00514, 7.50193]
Fit to 5 points: 6.75349 +/- 0.10721

 -- Hybrid New -- 
Limit: r < 6.75349 +/- 0.10721 @ 95% CL
Done in 0.01 min (cpu), 0.60 min (real)
