	CLs = 0.0483871 +/- 0.0527763
	CLs = 0.042 +/- 0.00944568
	CLs = 0.0491718 +/- 0.0084957
	CLs = 0.0471918 +/- 0.00711658
	CLs = 0.0459677 +/- 0.00628984
	CLs = 0.0397989 +/- 0.00528176
	CLs = 0.0431057 +/- 0.00513055
	CLs = 0.0399296 +/- 0.00458983
	CLs      = 0.0399296 +/- 0.00458983
	CLb      = 0.504921 +/- 0.0156856
	CLsplusb = 0.0201613 +/- 0.00223126


 -- HybridNew, before fit -- 
Limit: r < 24.3774 +/- 20 [18.283, 25.3538]
Fit to 5 points: 21.9163 +/- 0.748762

 -- Hybrid New -- 
Limit: r < 21.9163 +/- 0.748762 @ 95% CL
Done in 0.01 min (cpu), 0.52 min (real)
