	CLs = 0.0734447 +/- 0.0189156
	CLs = 0.0708661 +/- 0.0123988
	CLs = 0.0788815 +/- 0.0108469
	CLs = 0.0728698 +/- 0.00903844
	CLs = 0.0776651 +/- 0.00836687
	CLs      = 0.0776651 +/- 0.00836687
	CLb      = 0.498418 +/- 0.0198888
	CLsplusb = 0.0387097 +/- 0.00387357


 -- Hybrid New -- 
Limit: r < 17.2832 +/- 0.733791 @ 95% CL
Done in 0.00 min (cpu), 0.14 min (real)
