	CLs = 0.0378024 +/- 0.0122654
	CLs = 0.0348837 +/- 0.00842044
	CLs = 0.0366215 +/- 0.00683485
	CLs = 0.0385753 +/- 0.00617274
	CLs = 0.0386597 +/- 0.00567109
	CLs = 0.0430038 +/- 0.00549431
	CLs = 0.0467142 +/- 0.0054013
	CLs = 0.0469675 +/- 0.00503425
	CLs = 0.0467976 +/- 0.00471816
	CLs      = 0.0467976 +/- 0.00471816
	CLb      = 0.502622 +/- 0.0147826
	CLsplusb = 0.0235215 +/- 0.00226831


 -- HybridNew, before fit -- 
Limit: r < 12.9748 +/- 10 [11.353, 14.7311]
Fit to 5 points: 12.5915 +/- 0.339871

 -- Hybrid New -- 
Limit: r < 12.5915 +/- 0.339871 @ 95% CL
Done in 0.02 min (cpu), 0.81 min (real)
