	CLs = 0.0604839 +/- 0.0204799
	CLs = 0.0584677 +/- 0.0113233
	CLs = 0.0669282 +/- 0.0100352
	CLs = 0.0647533 +/- 0.00839749
	CLs = 0.0647339 +/- 0.00762877
	CLs = 0.0668524 +/- 0.0070007
	CLs = 0.0682423 +/- 0.00668694
	CLs = 0.0647772 +/- 0.00601758
	CLs = 0.0692509 +/- 0.00579082
	CLs      = 0.0692509 +/- 0.00579082
	CLb      = 0.507867 +/- 0.014781
	CLsplusb = 0.0351703 +/- 0.00275709


 -- Hybrid New -- 
Limit: r < 9.43559 +/- 0.433971 @ 95% CL
Done in 0.01 min (cpu), 0.40 min (real)
