	CLs = 0.0736325 +/- 0.0167524
	CLs = 0.0680147 +/- 0.0116501
	CLs = 0.0567535 +/- 0.00912046
	CLs = 0.0576886 +/- 0.00796014
	CLs = 0.0546684 +/- 0.00706459
	CLs = 0.0522661 +/- 0.00609458
	CLs = 0.0552082 +/- 0.00578833
	CLs = 0.0446183 +/- 0.00490955
	CLs      = 0.0446183 +/- 0.00490955
	CLb      = 0.497047 +/- 0.0156861
	CLsplusb = 0.0221774 +/- 0.00233776


 -- HybridNew, before fit -- 
Limit: r < 5.29919 +/- 5 [4.63679, 5.59299]
Fit to 5 points: 5.11373 +/- 0.0724731

 -- Hybrid New -- 
Limit: r < 5.11373 +/- 0.0724731 @ 95% CL
Done in 0.02 min (cpu), 0.81 min (real)
