	CLs = 0.0697102 +/- 0.0178305
	CLs = 0.0655738 +/- 0.0121633
	CLs = 0.0635028 +/- 0.00957552
	CLs = 0.0625 +/- 0.00829371
	CLs = 0.0758065 +/- 0.00824074
	CLs      = 0.0758065 +/- 0.00824074
	CLb      = 0.5 +/- 0.0198889
	CLsplusb = 0.0379032 +/- 0.00383461


 -- Hybrid New -- 
Limit: r < 29.2845 +/- 0.733642 @ 95% CL
Done in 0.01 min (cpu), 0.26 min (real)
