	CLs = 0.0537634 +/- 0.0162631
	CLs = 0.0615385 +/- 0.0113308
	CLs = 0.0685686 +/- 0.00974834
	CLs = 0.0779175 +/- 0.00967312
	CLs = 0.076533 +/- 0.0083304
	CLs      = 0.076533 +/- 0.0083304
	CLb      = 0.495253 +/- 0.019888
	CLsplusb = 0.0379032 +/- 0.00383461


 -- Hybrid New -- 
Limit: r < 37.6352 +/- 1.33495 @ 95% CL
Done in 0.01 min (cpu), 0.24 min (real)
