	CLs = 0.0317292 +/- 0.011486
	CLs = 0.045082 +/- 0.00993962
	CLs = 0.0378357 +/- 0.0073493
	CLs = 0.0465557 +/- 0.00709651
	CLs = 0.0490384 +/- 0.00649874
	CLs = 0.047043 +/- 0.00581233
	CLs = 0.0457128 +/- 0.00531263
	CLs = 0.0457597 +/- 0.00501433
	CLs = 0.0489 +/- 0.00487234
	CLs      = 0.0489 +/- 0.00487234
	CLb      = 0.494755 +/- 0.014782
	CLsplusb = 0.0241935 +/- 0.00229969


 -- HybridNew, before fit -- 
Limit: r < 12.4863 +/- 1.82659 [12.0815, 14.3647]
Fit to 4 points: 12.7387 +/- 0.189957

 -- Hybrid New -- 
Limit: r < 12.7387 +/- 0.189957 @ 95% CL
Done in 0.01 min (cpu), 0.71 min (real)
