	CLs = 0.0354052 +/- 0.0150506
	CLs = 0.0362903 +/- 0.00878344
	CLs = 0.0467941 +/- 0.00817637
	CLs = 0.0490062 +/- 0.00724514
	CLs = 0.0474305 +/- 0.00638434
	CLs = 0.0416667 +/- 0.00545003
	CLs = 0.0386816 +/- 0.00485736
	CLs      = 0.0386816 +/- 0.00485736
	CLb      = 0.498874 +/- 0.0167789
	CLsplusb = 0.0192972 +/- 0.00233467


 -- HybridNew, before fit -- 
Limit: r < 5.64072 +/- 5 [4.93563, 5.91317]
Fit to 4 points: 5.54256 +/- 0.116336

 -- Hybrid New -- 
Limit: r < 5.54256 +/- 0.116336 @ 95% CL
Done in 0.02 min (cpu), 0.73 min (real)
