	CLs = 0.0492832 +/- 0.0155127
	CLs = 0.0504202 +/- 0.0106993
	CLs = 0.0611771 +/- 0.00941227
	CLs = 0.0645324 +/- 0.00851659
	CLs = 0.069575 +/- 0.00787674
	CLs = 0.0712366 +/- 0.00726953
	CLs = 0.0754608 +/- 0.00694555
	CLs      = 0.0754608 +/- 0.00694555
	CLb      = 0.5 +/- 0.0167789
	CLsplusb = 0.0377304 +/- 0.00323373


 -- Hybrid New -- 
Limit: r < 22.0397 +/- 0.97141 @ 95% CL
Done in 0.00 min (cpu), 0.15 min (real)
