	CLs = 0.0542269 +/- 0.0156991
	CLs = 0.0615079 +/- 0.0115324
	CLs = 0.0554367 +/- 0.00876991
	CLs = 0.0464693 +/- 0.0071688
	CLs = 0.0424731 +/- 0.00601067
	CLs = 0.0415573 +/- 0.00543462
	CLs = 0.0405969 +/- 0.00499509
	CLs      = 0.0405969 +/- 0.00499509
	CLb      = 0.496622 +/- 0.0167785
	CLsplusb = 0.0201613 +/- 0.00238532


 -- HybridNew, before fit -- 
Limit: r < 6.74808 +/- 0.752681 [6.23659, 7.15457]
Fit to 5 points: 6.60577 +/- 0.0587331

 -- Hybrid New -- 
Limit: r < 6.60577 +/- 0.0587331 @ 95% CL
Done in 0.02 min (cpu), 0.73 min (real)
