	CLs = 0.0403226 +/- 0.0433598
	CLs = 0.0615672 +/- 0.0111376
	CLs = 0.050273 +/- 0.00844524
	CLs = 0.0578285 +/- 0.00806164
	CLs = 0.0649271 +/- 0.0075993
	CLs = 0.0748747 +/- 0.0074479
	CLs      = 0.0748747 +/- 0.0074479
	CLb      = 0.502632 +/- 0.0181367
	CLsplusb = 0.0376344 +/- 0.00348856


 -- Hybrid New -- 
Limit: r < 18.7849 +/- 0.482063 @ 95% CL
Done in 0.01 min (cpu), 0.19 min (real)
