	CLs = 0.05156 +/- 0.0148513
	CLs = 0.042 +/- 0.00944568
	CLs = 0.0381664 +/- 0.00727764
	CLs = 0.038768 +/- 0.00646899
	CLs = 0.0376648 +/- 0.00564165
	CLs = 0.0394429 +/- 0.00527934
	CLs = 0.0411568 +/- 0.00506922
	CLs = 0.0491052 +/- 0.00513255
	CLs = 0.0517002 +/- 0.0049755
	CLs      = 0.0517002 +/- 0.0049755
	CLb      = 0.502622 +/- 0.0147826
	CLsplusb = 0.0259857 +/- 0.00238115


 -- HybridNew, before fit -- 
Limit: r < 12.425 +/- 1.81315 [10.9343, 16.2125]
Fit to 5 points: 13.5369 +/- 0.457707

 -- Hybrid New -- 
Limit: r < 13.5369 +/- 0.457707 @ 95% CL
Done in 0.01 min (cpu), 0.62 min (real)
