	CLs = 0.0705645 +/- 0.0159605
	CLs = 0.0584677 +/- 0.0113233
	CLs = 0.0414462 +/- 0.0076667
	CLs = 0.046659 +/- 0.00720057
	CLs = 0.043411 +/- 0.00609111
	CLs = 0.045579 +/- 0.00570716
	CLs = 0.0448299 +/- 0.0052383
	CLs = 0.0453629 +/- 0.00493672
	CLs      = 0.0453629 +/- 0.00493672
	CLb      = 0.5 +/- 0.0156864
	CLsplusb = 0.0226815 +/- 0.00236357


 -- HybridNew, before fit -- 
Limit: r < 5.76396 +/- 0.913296 [5.43352, 6.82297]
Fit to 5 points: 5.74982 +/- 0.119225

 -- Hybrid New -- 
Limit: r < 5.74982 +/- 0.119225 @ 95% CL
Done in 0.01 min (cpu), 0.64 min (real)
