	CLs = 0.0432028 +/- 0.0141655
	CLs = 0.0452756 +/- 0.0097434
	CLs = 0.0468467 +/- 0.00845701
	CLs = 0.047006 +/- 0.00708613
	CLs = 0.0473739 +/- 0.00643675
	CLs = 0.05121 +/- 0.00609047
	CLs = 0.0500401 +/- 0.00545204
	CLs = 0.0502056 +/- 0.00519925
	CLs = 0.0488351 +/- 0.00484045
	CLs      = 0.0488351 +/- 0.00484045
	CLb      = 0.5 +/- 0.0147828
	CLsplusb = 0.0244176 +/- 0.00231005


 -- HybridNew, before fit -- 
Limit: r < 7.10143 +/- 0.5 [6.83876, 7.5]
Fit to 4 points: 7.2038 +/- 0.0628248

 -- Hybrid New -- 
Limit: r < 7.2038 +/- 0.0628248 @ 95% CL
Done in 0.02 min (cpu), 0.79 min (real)
