	CLs = 0.0382003 +/- 0.0131392
	CLs = 0.0604839 +/- 0.0115329
	CLs = 0.0456989 +/- 0.00809778
	CLs = 0.0425074 +/- 0.00676194
	CLs = 0.0442149 +/- 0.00615063
	CLs = 0.0433658 +/- 0.00564033
	CLs = 0.045531 +/- 0.00521709
	CLs = 0.0423387 +/- 0.00475948
	CLs      = 0.0423387 +/- 0.00475948
	CLb      = 0.5 +/- 0.0156864
	CLsplusb = 0.0211694 +/- 0.00228519


 -- HybridNew, before fit -- 
Limit: r < 16.0814 +/- 11.2084 [14.0712, 22.4168]
Fit to 6 points: 16.8387 +/- 0.414158

 -- Hybrid New -- 
Limit: r < 16.8387 +/- 0.414158 @ 95% CL
Done in 0.01 min (cpu), 0.72 min (real)
