	CLs = 0.0466893 +/- 0.0146238
	CLs = 0.0458333 +/- 0.0101195
	CLs = 0.0376938 +/- 0.00746588
	CLs = 0.0367156 +/- 0.00619234
	CLs = 0.0354839 +/- 0.0054864
	CLs = 0.0370599 +/- 0.00513096
	CLs = 0.0434089 +/- 0.00520779
	CLs = 0.0430923 +/- 0.0047886
	CLs      = 0.0430923 +/- 0.0047886
	CLb      = 0.502953 +/- 0.0156861
	CLsplusb = 0.0216734 +/- 0.00231164


 -- HybridNew, before fit -- 
Limit: r < 20.4403 +/- 11.2674 [15.3302, 22.5348]
Fit to 6 points: 19.123 +/- 0.573674

 -- Hybrid New -- 
Limit: r < 19.123 +/- 0.573674 @ 95% CL
Done in 0.02 min (cpu), 0.77 min (real)
