	CLs = 0.0595533 +/- 0.0154764
	CLs = 0.0451807 +/- 0.0122634
	CLs = 0.0345202 +/- 0.00708573
	CLs = 0.0443548 +/- 0.00690104
	CLs = 0.0419455 +/- 0.00593021
	CLs = 0.0426721 +/- 0.0054486
	CLs = 0.0435698 +/- 0.00511556
	CLs = 0.0424222 +/- 0.0047696
	CLs      = 0.0424222 +/- 0.0047696
	CLb      = 0.499016 +/- 0.0156864
	CLsplusb = 0.0211694 +/- 0.00228519


 -- HybridNew, before fit -- 
Limit: r < 26.3251 +/- 3.39408 [23.0296, 29.7438]
Fit to 5 points: 26.286 +/- 0.393273

 -- Hybrid New -- 
Limit: r < 26.286 +/- 0.393273 @ 95% CL
Done in 0.01 min (cpu), 0.57 min (real)
