	CLs = 0.0458843 +/- 0.0143495
	CLs = 0.0458333 +/- 0.0101195
	CLs = 0.0402635 +/- 0.00770766
	CLs = 0.0413541 +/- 0.00656441
	CLs = 0.0397921 +/- 0.00598383
	CLs = 0.0441873 +/- 0.00551874
	CLs = 0.0461303 +/- 0.00536525
	CLs = 0.0455197 +/- 0.005017
	CLs = 0.0418314 +/- 0.00441641
	CLs      = 0.0418314 +/- 0.00441641
	CLb      = 0.508741 +/- 0.0147806
	CLsplusb = 0.0212814 +/- 0.00216006


 -- HybridNew, before fit -- 
Limit: r < 9.20915 +/- 5 [8.92137, 10]
Fit to 4 points: 9.26383 +/- 0.117644

 -- Hybrid New -- 
Limit: r < 9.26383 +/- 0.117644 @ 95% CL
Done in 0.02 min (cpu), 0.82 min (real)
