	CLs = 0.041006 +/- 0.0133883
	CLs = 0.0496032 +/- 0.0102735
	CLs = 0.0558574 +/- 0.00896177
	CLs = 0.0458254 +/- 0.00697579
	CLs = 0.0437102 +/- 0.00619987
	CLs = 0.0400462 +/- 0.00526913
	CLs = 0.041712 +/- 0.00491594
	CLs      = 0.041712 +/- 0.00491594
	CLb      = 0.524775 +/- 0.0167583
	CLsplusb = 0.0218894 +/- 0.00248325


 -- HybridNew, before fit -- 
Limit: r < 11.9283 +/- 0.771645 [11.0669, 13.4268]
Fit to 5 points: 11.9665 +/- 0.142812

 -- Hybrid New -- 
Limit: r < 11.9665 +/- 0.142812 @ 95% CL
Done in 0.01 min (cpu), 0.62 min (real)
