	CLs = 0.0443548 +/- 0.0138303
	CLs = 0.0589431 +/- 0.0114253
	CLs = 0.0492077 +/- 0.00837378
	CLs = 0.0465557 +/- 0.00709651
	CLs = 0.0438144 +/- 0.00648859
	CLs = 0.0464321 +/- 0.00573042
	CLs = 0.0458165 +/- 0.00532569
	CLs = 0.0453629 +/- 0.00493672
	CLs      = 0.0453629 +/- 0.00493672
	CLb      = 0.5 +/- 0.0156864
	CLsplusb = 0.0226815 +/- 0.00236357


 -- HybridNew, before fit -- 
Limit: r < 14.1833 +/- 11.1172 [13.7401, 16.1961]
Fit to 4 points: 14.8585 +/- 0.224766

 -- Hybrid New -- 
Limit: r < 14.8585 +/- 0.224766 @ 95% CL
Done in 0.02 min (cpu), 0.79 min (real)
