	CLs = 0.0241935 +/- 0.0110776
	CLs = 0.0495868 +/- 0.0105062
	CLs = 0.0438879 +/- 0.00787964
	CLs = 0.0436026 +/- 0.00661011
	CLs = 0.0442834 +/- 0.0062878
	CLs = 0.0408076 +/- 0.00532918
	CLs = 0.0411363 +/- 0.00510647
	CLs = 0.0411135 +/- 0.00476889
	CLs      = 0.0411135 +/- 0.00476889
	CLb      = 0.484252 +/- 0.0156786
	CLsplusb = 0.0199093 +/- 0.00221756


 -- HybridNew, before fit -- 
Limit: r < 13.385 +/- 7.33947 [11.7119, 14.6789]
Fit to 5 points: 13.1646 +/- 0.216146

 -- Hybrid New -- 
Limit: r < 13.1646 +/- 0.216146 @ 95% CL
Done in 0.02 min (cpu), 0.78 min (real)
