	CLs = 0.0322581 +/- 0.0116896
	CLs = 0.0282258 +/- 0.0077017
	CLs = 0.0362903 +/- 0.00716902
	CLs = 0.0426774 +/- 0.00679112
	CLs = 0.041129 +/- 0.00592984
	CLs = 0.0431242 +/- 0.00555813
	CLs = 0.0420507 +/- 0.00506998
	CLs = 0.0439373 +/- 0.00485907
	CLs      = 0.0439373 +/- 0.00485907
	CLb      = 0.499016 +/- 0.0156864
	CLsplusb = 0.0219254 +/- 0.00232474


 -- HybridNew, before fit -- 
Limit: r < 7.28831 +/- 5 [6.83279, 8.64415]
Fit to 5 points: 7.44377 +/- 0.100893

 -- Hybrid New -- 
Limit: r < 7.44377 +/- 0.100893 @ 95% CL
Done in 0.02 min (cpu), 0.86 min (real)
