	CLs = 0.0387097 +/- 0.0204704
	CLs = 0.046 +/- 0.00991275
	CLs = 0.0430718 +/- 0.00813631
	CLs = 0.0427037 +/- 0.00707687
	CLs = 0.0413041 +/- 0.00583259
	CLs = 0.041588 +/- 0.00534494
	CLs = 0.0412517 +/- 0.0048931
	CLs      = 0.0412517 +/- 0.0048931
	CLb      = 0.523649 +/- 0.0167601
	CLsplusb = 0.0216014 +/- 0.00246723


 -- HybridNew, before fit -- 
Limit: r < 32.9247 +/- 2.66462 [29.1802, 37.714]
Fit to 5 points: 32.6842 +/- 0.468793

 -- Hybrid New -- 
Limit: r < 32.6842 +/- 0.468793 @ 95% CL
Done in 0.01 min (cpu), 0.55 min (real)
