	CLs = 0.0351197 +/- 0.0120072
	CLs = 0.0357143 +/- 0.00920211
	CLs = 0.0310319 +/- 0.00694833
	CLs = 0.0393145 +/- 0.00647451
	CLs = 0.0353719 +/- 0.00546795
	CLs = 0.0359017 +/- 0.00506057
	CLs = 0.0365372 +/- 0.00468517
	CLs      = 0.0365372 +/- 0.00468517
	CLb      = 0.504505 +/- 0.0167782
	CLsplusb = 0.0184332 +/- 0.00228281


 -- HybridNew, before fit -- 
Limit: r < 10.4909 +/- 6.13274 [7.86814, 10.9345]
Fit to 4 points: 9.95466 +/- 0.230255

 -- Hybrid New -- 
Limit: r < 9.95466 +/- 0.230255 @ 95% CL
Done in 0.01 min (cpu), 0.61 min (real)
