	CLs = 0.0758305 +/- 0.0173244
	CLs = 0.0608696 +/- 0.0120776
	CLs = 0.0525899 +/- 0.00850182
	CLs = 0.0585502 +/- 0.00771405
	CLs = 0.0536503 +/- 0.00674722
	CLs = 0.047679 +/- 0.00576193
	CLs = 0.0437788 +/- 0.00517924
	CLs = 0.0443352 +/- 0.00484558
	CLs      = 0.0443352 +/- 0.00484558
	CLb      = 0.505906 +/- 0.0156853
	CLsplusb = 0.0224294 +/- 0.0023507


 -- HybridNew, before fit -- 
Limit: r < 12.7075 +/- 10 [9.53059, 14.5306]
Fit to 5 points: 12.2038 +/- 0.262649

 -- Hybrid New -- 
Limit: r < 12.2038 +/- 0.262649 @ 95% CL
Done in 0.01 min (cpu), 0.51 min (real)
