	CLs = 0.0277631 +/- 0.0107131
	CLs = 0.0375 +/- 0.00909702
	CLs = 0.0347613 +/- 0.00698875
	CLs = 0.0403226 +/- 0.00656157
	CLs = 0.0379884 +/- 0.00562862
	CLs = 0.0388762 +/- 0.00524674
	CLs = 0.0397465 +/- 0.00492133
	CLs      = 0.0397465 +/- 0.00492133
	CLb      = 0.5 +/- 0.0167789
	CLsplusb = 0.0198733 +/- 0.00236857


 -- HybridNew, before fit -- 
Limit: r < 6.29214 +/- 0.5 [5.96911, 6.59411]
Fit to 4 points: 6.1722 +/- 0.0708502

 -- Hybrid New -- 
Limit: r < 6.1722 +/- 0.0708502 @ 95% CL
Done in 0.01 min (cpu), 0.70 min (real)
