	CLs = 0.0585328 +/- 0.0157546
	CLs = 0.0452586 +/- 0.0102408
	CLs = 0.0425879 +/- 0.00803769
	CLs = 0.044768 +/- 0.00705945
	CLs = 0.0438521 +/- 0.00622162
	CLs = 0.0414524 +/- 0.00572942
	CLs = 0.0383936 +/- 0.00489875
	CLs      = 0.0383936 +/- 0.00489875
	CLb      = 0.487613 +/- 0.0167738
	CLsplusb = 0.0187212 +/- 0.00230024


 -- HybridNew, before fit -- 
Limit: r < 17.7924 +/- 12.3051 [13.3443, 18.6447]
Fit to 4 points: 15.8619 +/- 0.601325

 -- Hybrid New -- 
Limit: r < 15.8619 +/- 0.601325 @ 95% CL
Done in 0.01 min (cpu), 0.62 min (real)
