	CLs = 0.100806 +/- 0.021695
	CLs = 0.0873016 +/- 0.0139747
	CLs = 0.0881776 +/- 0.0114298
	CLs      = 0.0881776 +/- 0.0114298
	CLb      = 0.510638 +/- 0.0257797
	CLsplusb = 0.0450269 +/- 0.00537564


 -- Hybrid New -- 
Limit: r < 18.5129 +/- 0.610284 @ 95% CL
Done in 0.00 min (cpu), 0.11 min (real)
