	CLs = 0.0604839 +/- 0.0157462
	CLs = 0.0443548 +/- 0.009766
	CLs = 0.0423352 +/- 0.00770849
	CLs = 0.046371 +/- 0.00706594
	CLs = 0.0452133 +/- 0.00630108
	CLs = 0.0445579 +/- 0.00561459
	CLs = 0.0452673 +/- 0.00522014
	CLs = 0.0444423 +/- 0.00488861
	CLs      = 0.0444423 +/- 0.00488861
	CLb      = 0.499016 +/- 0.0156864
	CLsplusb = 0.0221774 +/- 0.00233776


 -- HybridNew, before fit -- 
Limit: r < 41.8577 +/- 22.5948 [39.2416, 45.1896]
Fit to 6 points: 41.7293 +/- 0.620374

 -- Hybrid New -- 
Limit: r < 41.7293 +/- 0.620374 @ 95% CL
Done in 0.02 min (cpu), 1.22 min (real)
