	CLs = 0.0356954 +/- 0.0122178
	CLs = 0.04 +/- 0.00920519
	CLs = 0.0448318 +/- 0.00806321
	CLs = 0.0421714 +/- 0.00670431
	CLs = 0.0415232 +/- 0.00599105
	CLs = 0.0424504 +/- 0.00551198
	CLs = 0.040505 +/- 0.00498294
	CLs      = 0.040505 +/- 0.00498294
	CLb      = 0.497748 +/- 0.0167787
	CLsplusb = 0.0201613 +/- 0.00238532


 -- HybridNew, before fit -- 
Limit: r < 5.88217 +/- 0.327413 [5.66163, 6.63706]
Fit to 4 points: 5.99735 +/- 0.0558883

 -- Hybrid New -- 
Limit: r < 5.99735 +/- 0.0558883 @ 95% CL
Done in 0.01 min (cpu), 0.49 min (real)
