	CLs = 0.05156 +/- 0.0148513
	CLs = 0.0392562 +/- 0.00927774
	CLs = 0.0402635 +/- 0.00770766
	CLs = 0.042013 +/- 0.00659134
	CLs = 0.0416866 +/- 0.00589078
	CLs = 0.0412115 +/- 0.00543416
	CLs = 0.0393026 +/- 0.00494101
	CLs      = 0.0393026 +/- 0.00494101
	CLb      = 0.490991 +/- 0.0167762
	CLsplusb = 0.0192972 +/- 0.00233467


 -- HybridNew, before fit -- 
Limit: r < 10.4187 +/- 6.25887 [9.11639, 10.6811]
Fit to 4 points: 10.1911 +/- 0.144621

 -- Hybrid New -- 
Limit: r < 10.1911 +/- 0.144621 @ 95% CL
Done in 0.01 min (cpu), 0.70 min (real)
