	CLs = 0.0483871 +/- 0.0371558
	CLs = 0.0422794 +/- 0.00904729
	CLs = 0.0407562 +/- 0.00766585
	CLs = 0.0436935 +/- 0.00687638
	CLs = 0.0470238 +/- 0.00615271
	CLs = 0.0440304 +/- 0.00563612
	CLs = 0.0435955 +/- 0.00519353
	CLs = 0.0439524 +/- 0.0048919
	CLs      = 0.0439524 +/- 0.0048919
	CLb      = 0.49311 +/- 0.0156849
	CLsplusb = 0.0216734 +/- 0.00231164


 -- HybridNew, before fit -- 
Limit: r < 16.2121 +/- 1.06001 [15.456, 20]
Fit to 4 points: 16.8816 +/- 0.282969

 -- Hybrid New -- 
Limit: r < 16.8816 +/- 0.282969 @ 95% CL
Done in 0.01 min (cpu), 0.55 min (real)
