	CLs = 0.0432028 +/- 0.0205095
	CLs = 0.0423387 +/- 0.00952793
	CLs = 0.0471335 +/- 0.00811293
	CLs = 0.047502 +/- 0.00725335
	CLs = 0.0473938 +/- 0.00626185
	CLs = 0.0471149 +/- 0.00586854
	CLs = 0.0478111 +/- 0.00542741
	CLs = 0.0445302 +/- 0.00489906
	CLs      = 0.0445302 +/- 0.00489906
	CLb      = 0.498031 +/- 0.0156863
	CLsplusb = 0.0221774 +/- 0.00233776


 -- HybridNew, before fit -- 
Limit: r < 12.1526 +/- 7.54872 [10.6335, 13.625]
Fit to 5 points: 12.1981 +/- 0.219666

 -- Hybrid New -- 
Limit: r < 12.1981 +/- 0.219666 @ 95% CL
Done in 0.01 min (cpu), 0.63 min (real)
