	CLs = 0.0451066 +/- 0.0140852
	CLs = 0.0562016 +/- 0.0108389
	CLs = 0.0471335 +/- 0.00811293
	CLs = 0.0512003 +/- 0.00735194
	CLs = 0.0506462 +/- 0.00661162
	CLs = 0.040887 +/- 0.00538814
	CLs = 0.0447294 +/- 0.0052256
	CLs = 0.0470089 +/- 0.00500929
	CLs = 0.0487499 +/- 0.00483125
	CLs      = 0.0487499 +/- 0.00483125
	CLb      = 0.500874 +/- 0.0147828
	CLsplusb = 0.0244176 +/- 0.00231005


 -- HybridNew, before fit -- 
Limit: r < 6.42271 +/- 5 [6.222, 8.21136]
Fit to 4 points: 6.95089 +/- 0.177929

 -- Hybrid New -- 
Limit: r < 6.95089 +/- 0.177929 @ 95% CL
Done in 0.02 min (cpu), 0.82 min (real)
