	CLs = 0.0268817 +/- 0.0112402
	CLs = 0.0396825 +/- 0.00912666
	CLs = 0.0351331 +/- 0.00706844
	CLs = 0.0394711 +/- 0.0065022
	CLs = 0.0423374 +/- 0.00605294
	CLs = 0.0382059 +/- 0.00519891
	CLs = 0.0372015 +/- 0.00477624
	CLs      = 0.0372015 +/- 0.00477624
	CLb      = 0.495495 +/- 0.0167782
	CLsplusb = 0.0184332 +/- 0.00228281

Fit to 12 points: 17.5154 +/- 3.08364

 -- Hybrid New -- 
Limit: r < 21.3647 +/- 1.3353 @ 95% CL
Done in 0.03 min (cpu), 1.67 min (real)
