	CLs = 0.0339559 +/- 0.0123459
	CLs = 0.0285088 +/- 0.00809643
	CLs = 0.0435185 +/- 0.0080811
	CLs = 0.0444315 +/- 0.00674617
	CLs = 0.0438795 +/- 0.00629125
	CLs = 0.0467312 +/- 0.00572529
	CLs = 0.0472786 +/- 0.00536174
	CLs = 0.0484416 +/- 0.00505706
	CLs = 0.0481073 +/- 0.00481122
	CLs      = 0.0481073 +/- 0.00481122
	CLb      = 0.498252 +/- 0.0147827
	CLsplusb = 0.0239695 +/- 0.00228928


 -- HybridNew, before fit -- 
Limit: r < 19.3009 +/- 10.7102 [14.4757, 21.4203]
Fit to 6 points: 18.4609 +/- 0.589562

 -- Hybrid New -- 
Limit: r < 18.4609 +/- 0.589562 @ 95% CL
Done in 0.01 min (cpu), 0.70 min (real)
