	CLs = 0.0422427 +/- 0.0131179
	CLs = 0.0433071 +/- 0.00951655
	CLs = 0.0454839 +/- 0.00780498
	CLs = 0.0450702 +/- 0.00702162
	CLs = 0.050308 +/- 0.00668248
	CLs = 0.0467967 +/- 0.00577929
	CLs = 0.0468211 +/- 0.00541471
	CLs = 0.0445524 +/- 0.00493266
	CLs      = 0.0445524 +/- 0.00493266
	CLb      = 0.492126 +/- 0.0156844
	CLsplusb = 0.0219254 +/- 0.00232474


 -- HybridNew, before fit -- 
Limit: r < 5.71619 +/- 0.5 [5.53714, 6.16214]
Fit to 4 points: 5.77062 +/- 0.0435235

 -- Hybrid New -- 
Limit: r < 5.77062 +/- 0.0435235 @ 95% CL
Done in 0.02 min (cpu), 0.78 min (real)
