	CLs = 0.0686086 +/- 0.0164099
	CLs = 0.05 +/- 0.0103634
	CLs = 0.0461903 +/- 0.0081923
	CLs = 0.0495673 +/- 0.00742024
	CLs = 0.0555418 +/- 0.00700917
	CLs = 0.0525577 +/- 0.00617574
	CLs = 0.0459206 +/- 0.00533881
	CLs = 0.0463669 +/- 0.00505525
	CLs = 0.0426373 +/- 0.00450817
	CLs      = 0.0426373 +/- 0.00450817
	CLb      = 0.499126 +/- 0.0147828
	CLsplusb = 0.0212814 +/- 0.00216006


 -- HybridNew, before fit -- 
Limit: r < 15.4815 +/- 10 [14.9977, 17.7407]
Fit to 4 points: 15.8437 +/- 0.194174

 -- Hybrid New -- 
Limit: r < 15.8437 +/- 0.194174 @ 95% CL
Done in 0.01 min (cpu), 0.55 min (real)
