	CLs = 0.0196164 +/- 0.0116054
	CLs = 0.0265152 +/- 0.00721115
	CLs      = 0.0265152 +/- 0.00721115
	CLb      = 0.532258 +/- 0.0316839
	CLsplusb = 0.0141129 +/- 0.00374512


 -- Hybrid New -- 
Limit: r < 28.9061 +/- 0.315639 @ 95% CL
Done in 0.01 min (cpu), 0.40 min (real)
