	CLs = 0.0439883 +/- 0.0130591
	CLs = 0.0410156 +/- 0.00920718
	CLs = 0.0351679 +/- 0.00693264
	CLs = 0.0377478 +/- 0.00637869
	CLs = 0.0409413 +/- 0.00603122
	CLs = 0.0416374 +/- 0.00554455
	CLs = 0.042241 +/- 0.00509471
	CLs = 0.0454856 +/- 0.00498181
	CLs      = 0.0454856 +/- 0.00498181
	CLb      = 0.49311 +/- 0.0156849
	CLsplusb = 0.0224294 +/- 0.0023507


 -- HybridNew, before fit -- 
Limit: r < 31.4759 +/- 20 [27.5414, 40]
Fit to 6 points: 32.3385 +/- 0.676553

 -- Hybrid New -- 
Limit: r < 32.3385 +/- 0.676553 @ 95% CL
Done in 0.01 min (cpu), 0.68 min (real)
