	CLs = 0.0509338 +/- 0.0153249
	CLs = 0.0388889 +/- 0.00869461
	CLs = 0.0425879 +/- 0.00803769
	CLs = 0.049592 +/- 0.00733962
	CLs = 0.0478837 +/- 0.00645069
	CLs = 0.0482601 +/- 0.00588333
	CLs = 0.0528763 +/- 0.00572008
	CLs = 0.0528038 +/- 0.00531805
	CLs = 0.0517002 +/- 0.0049755
	CLs      = 0.0517002 +/- 0.0049755
	CLb      = 0.502622 +/- 0.0147826
	CLsplusb = 0.0259857 +/- 0.00238115


 -- HybridNew, before fit -- 
Limit: r < 7.72195 +/- 5 [6.75671, 8.29147]
Fit to 5 points: 7.56429 +/- 0.126217

 -- Hybrid New -- 
Limit: r < 7.56429 +/- 0.126217 @ 95% CL
Done in 0.02 min (cpu), 0.76 min (real)
