	CLs = 0.0322581 +/- 0.0116896
	CLs = 0.0537037 +/- 0.0103091
	CLs = 0.0497312 +/- 0.00847104
	CLs = 0.0487054 +/- 0.00703774
	CLs = 0.0480828 +/- 0.00641969
	CLs = 0.0430108 +/- 0.00554234
	CLs = 0.0432107 +/- 0.00518212
	CLs = 0.0425119 +/- 0.00468911
	CLs      = 0.0425119 +/- 0.00468911
	CLb      = 0.515748 +/- 0.0156786
	CLsplusb = 0.0219254 +/- 0.00232474


 -- HybridNew, before fit -- 
Limit: r < 10 +/- 10 [7.5, 12.5]
Fit to 5 points: 9.87322 +/- 0.240128

 -- Hybrid New -- 
Limit: r < 9.87322 +/- 0.240128 @ 95% CL
Done in 0.01 min (cpu), 0.50 min (real)
