	CLs = 0.0224014 +/- 0.0102208
	CLs = 0.045082 +/- 0.00993962
	CLs = 0.0423423 +/- 0.00784555
	CLs = 0.0443205 +/- 0.00716807
	CLs = 0.0408786 +/- 0.00615953
	CLs = 0.0411897 +/- 0.00548041
	CLs = 0.0390825 +/- 0.00487184
	CLs      = 0.0390825 +/- 0.00487184
	CLb      = 0.501126 +/- 0.0167789
	CLsplusb = 0.0195853 +/- 0.00235169


 -- HybridNew, before fit -- 
Limit: r < 14.5766 +/- 10 [12.7545, 15.2545]
Fit to 4 points: 13.9228 +/- 0.233147

 -- Hybrid New -- 
Limit: r < 13.9228 +/- 0.233147 @ 95% CL
Done in 0.02 min (cpu), 0.76 min (real)
