	CLs = 0.030722 +/- 0.0110992
	CLs = 0.0363636 +/- 0.00938087
	CLs = 0.0342182 +/- 0.00687251
	CLs = 0.0364349 +/- 0.00623385
	CLs = 0.0412596 +/- 0.00595011
	CLs = 0.0415573 +/- 0.00543462
	CLs = 0.0413644 +/- 0.00505734
	CLs = 0.0412324 +/- 0.00471882
	CLs      = 0.0412324 +/- 0.00471882
	CLb      = 0.495079 +/- 0.0156856
	CLsplusb = 0.0204133 +/- 0.00224488


 -- HybridNew, before fit -- 
Limit: r < 5.99968 +/- 0.5 [5.74976, 6.74984]
Fit to 4 points: 6.14655 +/- 0.0654244

 -- Hybrid New -- 
Limit: r < 6.14655 +/- 0.0654244 @ 95% CL
Done in 0.01 min (cpu), 0.68 min (real)
