	CLs = 0.0555262 +/- 0.0154551
	CLs = 0.0530303 +/- 0.0103714
	CLs = 0.0581048 +/- 0.00923697
	CLs = 0.0564516 +/- 0.00785007
	CLs = 0.0519264 +/- 0.00667691
	CLs = 0.0517473 +/- 0.00611556
	CLs = 0.0494278 +/- 0.00551756
	CLs = 0.0507125 +/- 0.00519881
	CLs = 0.0508942 +/- 0.00496287
	CLs      = 0.0508942 +/- 0.00496287
	CLb      = 0.497378 +/- 0.0147826
	CLsplusb = 0.0253136 +/- 0.00235097


 -- HybridNew, before fit -- 
Limit: r < 8.91765 +/- 6.30509 [8.3603, 9.37922]
Fit to 5 points: 8.81958 +/- 0.130923

 -- Hybrid New -- 
Limit: r < 8.81958 +/- 0.130923 @ 95% CL
Done in 0.02 min (cpu), 0.99 min (real)
