	CLs = 0.0439883 +/- 0.0130591
	CLs = 0.0496324 +/- 0.00984544
	CLs = 0.0434732 +/- 0.00793249
	CLs = 0.0388396 +/- 0.00657654
	CLs = 0.0345973 +/- 0.0055481
	CLs = 0.0351311 +/- 0.00499609
	CLs      = 0.0351311 +/- 0.00499609
	CLb      = 0.497368 +/- 0.0181367
	CLsplusb = 0.0174731 +/- 0.00240182


 -- Hybrid New -- 
Limit: r < 5.58429 +/- 0.119162 @ 95% CL
Done in 0.01 min (cpu), 0.19 min (real)
