	CLs = 0.0396616 +/- 0.0129155
	CLs = 0.0516529 +/- 0.0107389
	CLs = 0.0469475 +/- 0.00833826
	CLs = 0.0410654 +/- 0.00643129
	CLs = 0.0390144 +/- 0.00585845
	CLs = 0.0396505 +/- 0.00530916
	CLs = 0.0381647 +/- 0.00478787
	CLs      = 0.0381647 +/- 0.00478787
	CLb      = 0.505631 +/- 0.0167778
	CLsplusb = 0.0192972 +/- 0.00233467


 -- HybridNew, before fit -- 
Limit: r < 29.0753 +/- 2.77088 [26.1456, 30.4409]
Fit to 4 points: 28.4203 +/- 0.362939

 -- Hybrid New -- 
Limit: r < 28.4203 +/- 0.362939 @ 95% CL
Done in 0.02 min (cpu), 0.73 min (real)
