	CLs = 0.0524194 +/- 0.0151237
	CLs = 0.05 +/- 0.0106018
	CLs = 0.0432408 +/- 0.00788667
	CLs = 0.0394711 +/- 0.0065022
	CLs = 0.0480367 +/- 0.00647312
	CLs = 0.0499943 +/- 0.00602161
	CLs = 0.0504716 +/- 0.00553788
	CLs = 0.0476953 +/- 0.00505904
	CLs = 0.0456989 +/- 0.00467249
	CLs      = 0.0456989 +/- 0.00467249
	CLb      = 0.5 +/- 0.0147828
	CLsplusb = 0.0228495 +/- 0.00223644


 -- HybridNew, before fit -- 
Limit: r < 15.2248 +/- 1.21939 [13.9031, 16.4186]
Fit to 5 points: 15.1871 +/- 0.238681

 -- Hybrid New -- 
Limit: r < 15.1871 +/- 0.238681 @ 95% CL
Done in 0.02 min (cpu), 0.75 min (real)
