	CLs = 0.0663371 +/- 0.016861
	CLs = 0.0774336 +/- 0.0139339
	CLs = 0.077255 +/- 0.0119361
	CLs = 0.0730778 +/- 0.00979108
	CLs = 0.0713548 +/- 0.00863301
	CLs = 0.0692204 +/- 0.00715637
	CLs = 0.0668203 +/- 0.0064987
	CLs = 0.0751008 +/- 0.00647944
	CLs      = 0.0751008 +/- 0.00647944
	CLb      = 0.5 +/- 0.0156864
	CLsplusb = 0.0375504 +/- 0.00301794


 -- Hybrid New -- 
Limit: r < 15.3914 +/- 0.68622 @ 95% CL
Done in 0.01 min (cpu), 0.23 min (real)
