	CLs = 0.0652842 +/- 0.0165605
	CLs = 0.0610236 +/- 0.0114314
	CLs = 0.0447619 +/- 0.0083311
	CLs = 0.0409729 +/- 0.00667546
	CLs = 0.0437102 +/- 0.00619987
	CLs = 0.0453852 +/- 0.00572755
	CLs = 0.0456506 +/- 0.00534223
	CLs = 0.0470603 +/- 0.00504505
	CLs = 0.0484222 +/- 0.00487079
	CLs      = 0.0484222 +/- 0.00487079
	CLb      = 0.490385 +/- 0.0147801
	CLsplusb = 0.0237455 +/- 0.00227882


 -- HybridNew, before fit -- 
Limit: r < 5.23441 +/- 5 [4.90726, 5.83011]
Fit to 5 points: 5.38064 +/- 0.0861779

 -- Hybrid New -- 
Limit: r < 5.38064 +/- 0.0861779 @ 95% CL
Done in 0.02 min (cpu), 0.89 min (real)
