	CLs = 0.0387097 +/- 0.0142044
	CLs = 0.0315126 +/- 0.00833922
	CLs = 0.0416519 +/- 0.0078474
	CLs = 0.042013 +/- 0.00659134
	CLs = 0.0422077 +/- 0.00597017
	CLs = 0.041169 +/- 0.00528698
	CLs = 0.0405273 +/- 0.00483631
	CLs      = 0.0405273 +/- 0.00483631
	CLb      = 0.525901 +/- 0.0167564
	CLsplusb = 0.0213134 +/- 0.00245108


 -- HybridNew, before fit -- 
Limit: r < 16.7448 +/- 10 [12.5586, 18.3724]
Fit to 5 points: 15.7538 +/- 0.343473

 -- Hybrid New -- 
Limit: r < 15.7538 +/- 0.343473 @ 95% CL
Done in 0.01 min (cpu), 0.55 min (real)
