	CLs = 0.0317292 +/- 0.011486
	CLs = 0.0376984 +/- 0.00888338
	CLs = 0.0349017 +/- 0.00716915
	CLs = 0.0342742 +/- 0.00602406
	CLs = 0.0379032 +/- 0.00567988
	CLs = 0.0406735 +/- 0.00535789
	CLs = 0.0428196 +/- 0.00513154
	CLs = 0.0415762 +/- 0.00472929
	CLs      = 0.0415762 +/- 0.00472929
	CLb      = 0.497047 +/- 0.0156861
	CLsplusb = 0.0206653 +/- 0.0022584


 -- HybridNew, before fit -- 
Limit: r < 14.2411 +/- 10 [13.796, 17.1205]
Fit to 4 points: 14.2487 +/- 0.363527

 -- Hybrid New -- 
Limit: r < 14.2487 +/- 0.363527 @ 95% CL
Done in 0.02 min (cpu), 0.79 min (real)
