	CLs = 0.0396616 +/- 0.0129155
	CLs = 0.0390625 +/- 0.00897351
	CLs = 0.0362903 +/- 0.00716902
	CLs = 0.0327784 +/- 0.00593588
	CLs = 0.0334476 +/- 0.00528313
	CLs      = 0.0334476 +/- 0.00528313
	CLb      = 0.506329 +/- 0.0198873
	CLsplusb = 0.0169355 +/- 0.00259098


 -- Hybrid New -- 
Limit: r < 8.29773 +/- 0.229345 @ 95% CL
Done in 0.00 min (cpu), 0.12 min (real)
