	CLs = 0.0297114 +/- 0.0115091
	CLs = 0.0315126 +/- 0.00833922
	CLs = 0.0333215 +/- 0.00697603
	CLs = 0.0329111 +/- 0.00596139
	CLs = 0.0463343 +/- 0.0062835
	CLs = 0.0489304 +/- 0.00592674
	CLs = 0.0453867 +/- 0.00546481
	CLs = 0.0493208 +/- 0.00527783
	CLs = 0.0482767 +/- 0.00482965
	CLs      = 0.0482767 +/- 0.00482965
	CLb      = 0.496503 +/- 0.0147824
	CLsplusb = 0.0239695 +/- 0.00228928


 -- HybridNew, before fit -- 
Limit: r < 5.3918 +/- 0.5 [5.1959, 5.91885]
Fit to 4 points: 5.48814 +/- 0.0559611

 -- Hybrid New -- 
Limit: r < 5.48814 +/- 0.0559611 @ 95% CL
Done in 0.01 min (cpu), 0.68 min (real)
