	CLs = 0.0518433 +/- 0.0156255
	CLs = 0.0337302 +/- 0.00837974
	CLs = 0.0376938 +/- 0.00746588
	CLs = 0.0404832 +/- 0.00658968
	CLs = 0.0449715 +/- 0.00614225
	CLs = 0.04674 +/- 0.00581785
	CLs = 0.0478111 +/- 0.00542741
	CLs = 0.0505026 +/- 0.00523284
	CLs = 0.0508973 +/- 0.00493886
	CLs      = 0.0508973 +/- 0.00493886
	CLb      = 0.501748 +/- 0.0147827
	CLsplusb = 0.0255376 +/- 0.00236108


 -- HybridNew, before fit -- 
Limit: r < 15.774 +/- 1.01018 [14.9491, 17.887]
Fit to 5 points: 16.2548 +/- 0.25995

 -- Hybrid New -- 
Limit: r < 16.2548 +/- 0.25995 @ 95% CL
Done in 0.02 min (cpu), 0.82 min (real)
