	CLs = 0.0380184 +/- 0.0117085
	CLs = 0.0346154 +/- 0.00835139
	CLs = 0.038115 +/- 0.00755523
	CLs = 0.0403901 +/- 0.00675997
	CLs = 0.0347122 +/- 0.00556772
	CLs = 0.0352005 +/- 0.00505942
	CLs = 0.0338245 +/- 0.00459439
	CLs      = 0.0338245 +/- 0.00459439
	CLb      = 0.48536 +/- 0.0167717
	CLsplusb = 0.0164171 +/- 0.00215657


 -- HybridNew, before fit -- 
Limit: r < 5.55859 +/- 5 [4.86376, 5.83618]
Fit to 4 points: 5.30244 +/- 0.0775634

 -- Hybrid New -- 
Limit: r < 5.30244 +/- 0.0775634 @ 95% CL
Done in 0.01 min (cpu), 0.67 min (real)
