	CLs = 0.0883257 +/- 0.0195521
	CLs = 0.0645833 +/- 0.0121772
	CLs = 0.05109 +/- 0.00872426
	CLs = 0.0463885 +/- 0.00743218
	CLs = 0.0515931 +/- 0.00657352
	CLs = 0.0535467 +/- 0.00630326
	CLs = 0.0476243 +/- 0.00547791
	CLs = 0.0455977 +/- 0.00493418
	CLs      = 0.0455977 +/- 0.00493418
	CLb      = 0.502953 +/- 0.0156861
	CLsplusb = 0.0229335 +/- 0.00237635


 -- HybridNew, before fit -- 
Limit: r < 20 +/- 20 [19.375, 25]
Fit to 5 points: 21.0266 +/- 0.413147

 -- Hybrid New -- 
Limit: r < 21.0266 +/- 0.413147 @ 95% CL
Done in 0.01 min (cpu), 0.68 min (real)
