	CLs = 0.042924 +/- 0.0133471
	CLs = 0.028 +/- 0.00763678
	CLs = 0.0277825 +/- 0.00618265
	CLs      = 0.0277825 +/- 0.00618265
	CLb      = 0.507979 +/- 0.0257822
	CLsplusb = 0.0141129 +/- 0.00305788


 -- Hybrid New -- 
Limit: r < 6.23853 +/- 0.256976 @ 95% CL
Done in 0.00 min (cpu), 0.08 min (real)
