	CLs = 0.0475939 +/- 0.0142287
	CLs = 0.0387597 +/- 0.00889884
	CLs = 0.0427626 +/- 0.00766151
	CLs = 0.0435195 +/- 0.00684678
	CLs = 0.0442485 +/- 0.00621821
	CLs = 0.0471671 +/- 0.00582899
	CLs = 0.0438275 +/- 0.00530148
	CLs = 0.0422505 +/- 0.0047801
	CLs      = 0.0422505 +/- 0.0047801
	CLb      = 0.495079 +/- 0.0156856
	CLsplusb = 0.0209173 +/- 0.00227184


 -- HybridNew, before fit -- 
Limit: r < 10.7717 +/- 10 [9.42525, 13.0788]
Fit to 5 points: 11.1947 +/- 0.21979

 -- Hybrid New -- 
Limit: r < 11.1947 +/- 0.21979 @ 95% CL
Done in 0.01 min (cpu), 0.66 min (real)
