	CLs = 0.0246873 +/- 0.0113147
	CLs = 0.0289256 +/- 0.00790325
	CLs = 0.0360983 +/- 0.00673053
	CLs = 0.0415517 +/- 0.00643134
	CLs = 0.0418611 +/- 0.00568452
	CLs = 0.0452487 +/- 0.00544378
	CLs = 0.0468058 +/- 0.00526836
	CLs = 0.0443817 +/- 0.00479189
	CLs      = 0.0443817 +/- 0.00479189
	CLb      = 0.516732 +/- 0.0156776
	CLsplusb = 0.0229335 +/- 0.00237635


 -- HybridNew, before fit -- 
Limit: r < 5 +/- 5 [4.84375, 5.625]
Fit to 4 points: 5.04568 +/- 0.0578114

 -- Hybrid New -- 
Limit: r < 5.04568 +/- 0.0578114 @ 95% CL
Done in 0.02 min (cpu), 0.72 min (real)
