	CLs = 0.0449309 +/- 0.0127764
	CLs = 0.0426829 +/- 0.0096116
	CLs = 0.042558 +/- 0.00775228
	CLs = 0.0408444 +/- 0.00656359
	CLs = 0.0401954 +/- 0.00584826
	CLs = 0.0437981 +/- 0.00560398
	CLs = 0.0407152 +/- 0.00497201
	CLs      = 0.0407152 +/- 0.00497201
	CLb      = 0.502252 +/- 0.0167787
	CLsplusb = 0.0204493 +/- 0.00240194


 -- HybridNew, before fit -- 
Limit: r < 7.36871 +/- 0.688661 [6.55669, 8.02653]
Fit to 5 points: 7.05819 +/- 0.176709

 -- Hybrid New -- 
Limit: r < 7.05819 +/- 0.176709 @ 95% CL
Done in 0.01 min (cpu), 0.53 min (real)
