	CLs = 0.0453629 +/- 0.0135033
	CLs = 0.0458333 +/- 0.0101195
	CLs = 0.0367033 +/- 0.00740612
	CLs = 0.0408084 +/- 0.00664662
	CLs = 0.0387798 +/- 0.00568997
	CLs = 0.0396958 +/- 0.00526707
	CLs = 0.0427204 +/- 0.00504419
	CLs = 0.0428448 +/- 0.00482085
	CLs      = 0.0428448 +/- 0.00482085
	CLb      = 0.494094 +/- 0.0156853
	CLsplusb = 0.0211694 +/- 0.00228519


 -- HybridNew, before fit -- 
Limit: r < 9.07148 +/- 5.45013 [7.93754, 10.9003]
Fit to 5 points: 9.10636 +/- 0.185712

 -- Hybrid New -- 
Limit: r < 9.10636 +/- 0.185712 @ 95% CL
Done in 0.02 min (cpu), 0.79 min (real)
