	CLs = 0.0458843 +/- 0.0143495
	CLs = 0.042 +/- 0.00944568
	CLs = 0.0486459 +/- 0.0083967
	CLs = 0.0395381 +/- 0.00642453
	CLs = 0.0398949 +/- 0.00586571
	CLs = 0.0414307 +/- 0.00546528
	CLs = 0.0411568 +/- 0.00506922
	CLs = 0.0429272 +/- 0.00479957
	CLs      = 0.0429272 +/- 0.00479957
	CLb      = 0.499016 +/- 0.0156864
	CLsplusb = 0.0214214 +/- 0.00229845


 -- HybridNew, before fit -- 
Limit: r < 9.58434 +/- 5.55859 [8.98532, 10.3508]
Fit to 5 points: 9.70732 +/- 0.105965

 -- Hybrid New -- 
Limit: r < 9.70732 +/- 0.105965 @ 95% CL
Done in 0.02 min (cpu), 0.90 min (real)
