	CLs = 0.0587558 +/- 0.0147194
	CLs = 0.0619835 +/- 0.0118512
	CLs = 0.0516245 +/- 0.00869386
	CLs = 0.0490062 +/- 0.00724514
	CLs = 0.0443913 +/- 0.0062399
	CLs = 0.0452651 +/- 0.00571114
	CLs = 0.0460723 +/- 0.00539574
	CLs = 0.0479155 +/- 0.00505496
	CLs = 0.0482185 +/- 0.00479847
	CLs      = 0.0482185 +/- 0.00479847
	CLb      = 0.501748 +/- 0.0147827
	CLsplusb = 0.0241935 +/- 0.00229969


 -- HybridNew, before fit -- 
Limit: r < 13.4883 +/- 7.25862 [10.1162, 14.5172]
Fit to 5 points: 13.1831 +/- 0.401304

 -- Hybrid New -- 
Limit: r < 13.1831 +/- 0.401304 @ 95% CL
Done in 0.01 min (cpu), 0.68 min (real)
