	CLs = 0.0439883 +/- 0.0144448
	CLs = 0.0419708 +/- 0.00897598
	CLs = 0.0362903 +/- 0.00716902
	CLs = 0.0336669 +/- 0.00600659
	CLs = 0.0355965 +/- 0.00550497
	CLs = 0.0416667 +/- 0.00545003
	CLs = 0.044455 +/- 0.00522799
	CLs = 0.0418347 +/- 0.00472943
	CLs      = 0.0418347 +/- 0.00472943
	CLb      = 0.5 +/- 0.0156864
	CLsplusb = 0.0209173 +/- 0.00227184


 -- HybridNew, before fit -- 
Limit: r < 8.59513 +/- 5 [8.32653, 10]
Fit to 4 points: 8.71143 +/- 0.141177

 -- Hybrid New -- 
Limit: r < 8.71143 +/- 0.141177 @ 95% CL
Done in 0.01 min (cpu), 0.59 min (real)
