	CLs = 0.0615836 +/- 0.0173378
	CLs = 0.0528455 +/- 0.0107721
	CLs = 0.0461903 +/- 0.0081923
	CLs = 0.0497903 +/- 0.00737166
	CLs = 0.0490074 +/- 0.00655424
	CLs = 0.0536223 +/- 0.00622409
	CLs = 0.0528959 +/- 0.00575754
	CLs = 0.0517218 +/- 0.00534131
	CLs = 0.0521459 +/- 0.00499839
	CLs      = 0.0521459 +/- 0.00499839
	CLb      = 0.502622 +/- 0.0147826
	CLsplusb = 0.0262097 +/- 0.00239112


 -- HybridNew, before fit -- 
Limit: r < 25.2204 +/- 20 [24.4322, 28.9153]
Fit to 4 points: 25.6566 +/- 0.260533

 -- Hybrid New -- 
Limit: r < 25.6566 +/- 0.260533 @ 95% CL
Done in 0.02 min (cpu), 0.90 min (real)
