	CLs = 0.041006 +/- 0.0133883
	CLs = 0.0307377 +/- 0.00812215
	CLs = 0.0357203 +/- 0.00704886
	CLs = 0.033591 +/- 0.00609231
	CLs = 0.034568 +/- 0.00540245
	CLs = 0.037711 +/- 0.00512686
	CLs = 0.0362903 +/- 0.0046913
	CLs      = 0.0362903 +/- 0.0046913
	CLb      = 0.5 +/- 0.0167789
	CLsplusb = 0.0181452 +/- 0.00226524


 -- HybridNew, before fit -- 
Limit: r < 8.38477 +/- 5 [7.86073, 8.78858]
Fit to 4 points: 8.27389 +/- 0.0645139

 -- Hybrid New -- 
Limit: r < 8.27389 +/- 0.0645139 @ 95% CL
Done in 0.01 min (cpu), 0.69 min (real)
