	CLs = 0.0789993 +/- 0.0212798
	CLs = 0.0609244 +/- 0.0118522
	CLs = 0.0502584 +/- 0.00870081
	CLs = 0.0497903 +/- 0.00737166
	CLs = 0.0489477 +/- 0.00637003
	CLs = 0.0441226 +/- 0.00560157
	CLs = 0.0431057 +/- 0.00513055
	CLs = 0.0424252 +/- 0.00473906
	CLs      = 0.0424252 +/- 0.00473906
	CLb      = 0.504921 +/- 0.0156856
	CLsplusb = 0.0214214 +/- 0.00229845


 -- HybridNew, before fit -- 
Limit: r < 10 +/- 10 [9.6875, 11.25]
Fit to 4 points: 9.9706 +/- 0.115819

 -- Hybrid New -- 
Limit: r < 9.9706 +/- 0.115819 @ 95% CL
Done in 0.02 min (cpu), 0.76 min (real)
