	CLs = 0.0733138 +/- 0.0171626
	CLs = 0.0630081 +/- 0.0118462
	CLs = 0.056438 +/- 0.00882885
	CLs = 0.0562285 +/- 0.00781587
	CLs = 0.052254 +/- 0.00672306
	CLs = 0.0498624 +/- 0.00600427
	CLs = 0.0465541 +/- 0.00534435
	CLs = 0.042502 +/- 0.00484283
	CLs      = 0.042502 +/- 0.00484283
	CLb      = 0.48622 +/- 0.0156804
	CLsplusb = 0.0206653 +/- 0.0022584


 -- HybridNew, before fit -- 
Limit: r < 8.27008 +/- 0.503287 [7.87682, 9.13504]
Fit to 4 points: 8.51287 +/- 0.0798215

 -- Hybrid New -- 
Limit: r < 8.51287 +/- 0.0798215 @ 95% CL
Done in 0.01 min (cpu), 0.55 min (real)
