	CLs = 0.0439883 +/- 0.0130591
	CLs = 0.052 +/- 0.0105831
	CLs = 0.0500246 +/- 0.00827835
	CLs = 0.0446541 +/- 0.00686575
	CLs = 0.0443548 +/- 0.00617168
	CLs = 0.0418871 +/- 0.00548109
	CLs = 0.0440572 +/- 0.00517742
	CLs = 0.0457768 +/- 0.0049552
	CLs      = 0.0457768 +/- 0.0049552
	CLb      = 0.500984 +/- 0.0156864
	CLsplusb = 0.0229335 +/- 0.00237635


 -- HybridNew, before fit -- 
Limit: r < 10 +/- 10 [9.375, 12.5]
Fit to 5 points: 10.4139 +/- 0.207251

 -- Hybrid New -- 
Limit: r < 10.4139 +/- 0.207251 @ 95% CL
Done in 0.01 min (cpu), 0.72 min (real)
