	CLs = 0.0458843 +/- 0.0143495
	CLs = 0.0666667 +/- 0.0123905
	CLs = 0.0664283 +/- 0.00972463
	CLs = 0.0680806 +/- 0.00872846
	CLs = 0.0614849 +/- 0.0073646
	CLs = 0.0570522 +/- 0.00648303
	CLs = 0.0527577 +/- 0.00570603
	CLs = 0.0515188 +/- 0.00534799
	CLs = 0.0505451 +/- 0.00490154
	CLs      = 0.0505451 +/- 0.00490154
	CLb      = 0.505245 +/- 0.014782
	CLsplusb = 0.0255376 +/- 0.00236108


 -- HybridNew, before fit -- 
Limit: r < 18.2991 +/- 10 [17.1554, 20]
Fit to 6 points: 18.5907 +/- 0.274258

 -- Hybrid New -- 
Limit: r < 18.5907 +/- 0.274258 @ 95% CL
Done in 0.02 min (cpu), 0.86 min (real)
