	CLs = 0.028463 +/- 0.0147641
	CLs = 0.0291667 +/- 0.00797278
	CLs = 0.0320874 +/- 0.00670204
	CLs = 0.0330042 +/- 0.00588104
	CLs = 0.0401954 +/- 0.00584826
	CLs = 0.0436828 +/- 0.00558805
	CLs = 0.0421456 +/- 0.00508232
	CLs = 0.0416706 +/- 0.00470946
	CLs      = 0.0416706 +/- 0.00470946
	CLb      = 0.501969 +/- 0.0156863
	CLsplusb = 0.0209173 +/- 0.00227184


 -- HybridNew, before fit -- 
Limit: r < 8.87737 +/- 5 [7.7677, 10]
Fit to 5 points: 8.56125 +/- 0.188951

 -- Hybrid New -- 
Limit: r < 8.56125 +/- 0.188951 @ 95% CL
Done in 0.01 min (cpu), 0.52 min (real)
