	CLs = 0.05156 +/- 0.0148513
	CLs = 0.0426829 +/- 0.0096116
	CLs = 0.0494681 +/- 0.00842213
	CLs = 0.0486652 +/- 0.00710966
	CLs = 0.0529218 +/- 0.00681726
	CLs = 0.0491375 +/- 0.00604665
	CLs = 0.045732 +/- 0.00524206
	CLs = 0.0414122 +/- 0.00470921
	CLs      = 0.0414122 +/- 0.00470921
	CLb      = 0.499016 +/- 0.0156864
	CLsplusb = 0.0206653 +/- 0.0022584


 -- HybridNew, before fit -- 
Limit: r < 17.0913 +/- 2.78471 [15.8716, 20.2672]
Fit to 6 points: 17.4469 +/- 0.311668

 -- Hybrid New -- 
Limit: r < 17.4469 +/- 0.311668 @ 95% CL
Done in 0.02 min (cpu), 0.76 min (real)
