	CLs = 0.0576037 +/- 0.0154771
	CLs = 0.0454545 +/- 0.0100287
	CLs = 0.0497091 +/- 0.00859704
	CLs = 0.0477581 +/- 0.00720948
	CLs = 0.0488842 +/- 0.00647648
	CLs = 0.0475898 +/- 0.00583967
	CLs = 0.0462915 +/- 0.00534828
	CLs = 0.0466464 +/- 0.0050269
	CLs = 0.0416667 +/- 0.00444933
	CLs      = 0.0416667 +/- 0.00444933
	CLb      = 0.5 +/- 0.0147828
	CLsplusb = 0.0208333 +/- 0.00213769

Fit to 12 points: 4062.65 +/- 9114.25

 -- Hybrid New -- 
Limit: r < 8.65395 +/- 0.673027 @ 95% CL
Done in 0.03 min (cpu), 1.83 min (real)
