	CLs = 0.0513196 +/- 0.0141693
	CLs = 0.0651261 +/- 0.0122916
	CLs = 0.054816 +/- 0.00889804
	CLs = 0.0536403 +/- 0.00765457
	CLs = 0.0453047 +/- 0.00625241
	CLs = 0.0456989 +/- 0.00572344
	CLs = 0.0501152 +/- 0.00556535
	CLs = 0.0459967 +/- 0.0050115
	CLs = 0.0462206 +/- 0.00475613
	CLs      = 0.0462206 +/- 0.00475613
	CLb      = 0.48951 +/- 0.0147796
	CLsplusb = 0.0226254 +/- 0.0022257


 -- HybridNew, before fit -- 
Limit: r < 8.69113 +/- 4.78457 [7.60474, 9.13014]
Fit to 5 points: 8.39292 +/- 0.12805

 -- Hybrid New -- 
Limit: r < 8.39292 +/- 0.12805 @ 95% CL
Done in 0.02 min (cpu), 0.91 min (real)
