	CLs = 0.0527859 +/- 0.015938
	CLs = 0.0454545 +/- 0.0100287
	CLs = 0.0437082 +/- 0.00797885
	CLs = 0.0391591 +/- 0.00644705
	CLs = 0.0362903 +/- 0.0055515
	CLs = 0.0412115 +/- 0.00543416
	CLs = 0.0398363 +/- 0.00493326
	CLs      = 0.0398363 +/- 0.00493326
	CLb      = 0.498874 +/- 0.0167789
	CLsplusb = 0.0198733 +/- 0.00236857


 -- HybridNew, before fit -- 
Limit: r < 18.9459 +/- 0.973736 [18.0619, 19.4439]
Fit to 3 points: 18.8535 +/- 0.181517

 -- Hybrid New -- 
Limit: r < 18.8535 +/- 0.181517 @ 95% CL
Done in 0.02 min (cpu), 0.79 min (real)
