	CLs = 0.0541647 +/- 0.0144573
	CLs = 0.052521 +/- 0.0109369
	CLs = 0.0459433 +/- 0.00814477
	CLs = 0.0451836 +/- 0.00695397
	CLs = 0.0456786 +/- 0.00624696
	CLs = 0.0451457 +/- 0.00569482
	CLs = 0.0458763 +/- 0.00529628
	CLs = 0.0438508 +/- 0.00484874
	CLs      = 0.0438508 +/- 0.00484874
	CLb      = 0.5 +/- 0.0156864
	CLsplusb = 0.0219254 +/- 0.00232474

Fit to 12 points: 1619.03 +/- 11621.1

 -- Hybrid New -- 
Limit: r < 6.28169 +/- 0.464788 @ 95% CL
Done in 0.04 min (cpu), 2.49 min (real)
