	CLs = 0.0685484 +/- 0.0174954
	CLs = 0.0403226 +/- 0.00928507
	CLs = 0.0454571 +/- 0.00805132
	CLs = 0.0462812 +/- 0.00713731
	CLs = 0.0512934 +/- 0.00670403
	CLs = 0.0519967 +/- 0.00606018
	CLs = 0.0500279 +/- 0.00548475
	CLs = 0.0498992 +/- 0.00519365
	CLs = 0.0512545 +/- 0.00490499
	CLs      = 0.0512545 +/- 0.00490499
	CLb      = 0.511364 +/- 0.014779
	CLsplusb = 0.0262097 +/- 0.00239112


 -- HybridNew, before fit -- 
Limit: r < 6.69721 +/- 0.827035 [6.48911, 7.52291]
Fit to 4 points: 6.98736 +/- 0.0888951

 -- Hybrid New -- 
Limit: r < 6.98736 +/- 0.0888951 @ 95% CL
Done in 0.01 min (cpu), 0.57 min (real)
