	CLs = 0.0333704 +/- 0.0121191
	CLs = 0.0390625 +/- 0.00897351
	CLs = 0.0428285 +/- 0.0080867
	CLs = 0.041109 +/- 0.00679259
	CLs = 0.0428776 +/- 0.00607245
	CLs = 0.0428979 +/- 0.00552665
	CLs = 0.0432028 +/- 0.00514302
	CLs = 0.0440241 +/- 0.00486945
	CLs      = 0.0440241 +/- 0.00486945
	CLb      = 0.498031 +/- 0.0156863
	CLsplusb = 0.0219254 +/- 0.00232474


 -- HybridNew, before fit -- 
Limit: r < 10 +/- 10 [9.6875, 11.25]
Fit to 4 points: 10.3319 +/- 0.162446

 -- Hybrid New -- 
Limit: r < 10.3319 +/- 0.162446 @ 95% CL
Done in 0.02 min (cpu), 0.77 min (real)
