	CLs = 0.0329912 +/- 0.0112322
	CLs = 0.0340909 +/- 0.00821662
	CLs = 0.0331813 +/- 0.00665121
	CLs = 0.0357073 +/- 0.00619492
	CLs = 0.0401954 +/- 0.00584826
	CLs = 0.0405676 +/- 0.00534289
	CLs = 0.0407818 +/- 0.00501956
	CLs = 0.0408266 +/- 0.00466888
	CLs      = 0.0408266 +/- 0.00466888
	CLb      = 0.5 +/- 0.0156864
	CLsplusb = 0.0204133 +/- 0.00224488


 -- HybridNew, before fit -- 
Limit: r < 19.1299 +/- 10.4203 [18.5321, 20.8405]
Fit to 5 points: 19.402 +/- 0.203592

 -- Hybrid New -- 
Limit: r < 19.402 +/- 0.203592 @ 95% CL
Done in 0.02 min (cpu), 0.85 min (real)
