	CLs = 0.0391366 +/- 0.0120796
	CLs = 0.0491453 +/- 0.0106527
	CLs = 0.0475648 +/- 0.00874478
	CLs = 0.047502 +/- 0.00725335
	CLs = 0.0488165 +/- 0.00658759
	CLs = 0.0480195 +/- 0.00613987
	CLs = 0.0472939 +/- 0.00563112
	CLs = 0.0448204 +/- 0.00475693
	CLs      = 0.0448204 +/- 0.00475693
	CLb      = 0.528543 +/- 0.0156608
	CLsplusb = 0.0236895 +/- 0.00241427


 -- HybridNew, before fit -- 
Limit: r < 7.97673 +/- 4.63507 [6.97964, 9.27014]
Fit to 5 points: 7.9041 +/- 0.145226

 -- Hybrid New -- 
Limit: r < 7.9041 +/- 0.145226 @ 95% CL
Done in 0.01 min (cpu), 0.68 min (real)
