	CLs = 0.0521092 +/- 0.0144093
	CLs = 0.048 +/- 0.01014
	CLs = 0.0472946 +/- 0.00827147
	CLs = 0.0456893 +/- 0.00663816
	CLs = 0.0460552 +/- 0.00612607
	CLs = 0.0469195 +/- 0.00579576
	CLs = 0.0433983 +/- 0.00516815
	CLs = 0.0449746 +/- 0.00495198
	CLs      = 0.0449746 +/- 0.00495198
	CLb      = 0.49311 +/- 0.0156849
	CLsplusb = 0.0221774 +/- 0.00233776


 -- HybridNew, before fit -- 
Limit: r < 5.56573 +/- 0.5 [5, 6.04929]
Fit to 5 points: 5.47642 +/- 0.0756938

 -- Hybrid New -- 
Limit: r < 5.47642 +/- 0.0756938 @ 95% CL
Done in 0.02 min (cpu), 0.84 min (real)
