	CLs = 0.0507284 +/- 0.0145885
	CLs = 0.06 +/- 0.0114304
	CLs = 0.0469475 +/- 0.00833826
	CLs = 0.0478913 +/- 0.00731803
	CLs = 0.0469227 +/- 0.00637017
	CLs = 0.0450269 +/- 0.00567859
	CLs = 0.043004 +/- 0.00508032
	CLs = 0.0436043 +/- 0.00485005
	CLs      = 0.0436043 +/- 0.00485005
	CLb      = 0.497047 +/- 0.0156861
	CLsplusb = 0.0216734 +/- 0.00231164


 -- HybridNew, before fit -- 
Limit: r < 10.867 +/- 10 [9.50866, 11.4378]
Fit to 5 points: 10.2836 +/- 0.153962

 -- Hybrid New -- 
Limit: r < 10.2836 +/- 0.153962 @ 95% CL
Done in 0.01 min (cpu), 0.69 min (real)
