	CLs = 0.0458843 +/- 0.0143495
	CLs = 0.0473485 +/- 0.00976521
	CLs = 0.0561529 +/- 0.00926505
	CLs = 0.0453974 +/- 0.00682332
	CLs = 0.047932 +/- 0.0063978
	CLs = 0.0464933 +/- 0.00578454
	CLs = 0.0497633 +/- 0.00555841
	CLs = 0.0481973 +/- 0.00508732
	CLs = 0.0473256 +/- 0.00475097
	CLs      = 0.0473256 +/- 0.00475097
	CLb      = 0.501748 +/- 0.0147827
	CLsplusb = 0.0237455 +/- 0.00227882


 -- HybridNew, before fit -- 
Limit: r < 6.47201 +/- 0.781131 [6.09435, 6.91301]
Fit to 5 points: 6.42632 +/- 0.0730327

 -- Hybrid New -- 
Limit: r < 6.42632 +/- 0.0730327 @ 95% CL
Done in 0.02 min (cpu), 0.73 min (real)
