	CLs = 0.0818311 +/- 0.0178974
	CLs = 0.0805085 +/- 0.0138863
	CLs = 0.0856102 +/- 0.0115691
	CLs      = 0.0856102 +/- 0.0115691
	CLb      = 0.486702 +/- 0.0257764
	CLsplusb = 0.0416667 +/- 0.00518026

Fit to 12 points: 8962.79 +/- 16928.3

 -- Hybrid New -- 
Limit: r < 10.867 +/- 1.35838 @ 95% CL
Done in 0.04 min (cpu), 2.35 min (real)
