	CLs = 0.0403226 +/- 0.0131477
	CLs = 0.034 +/- 0.00845112
	CLs = 0.0421147 +/- 0.00766519
	CLs = 0.0423387 +/- 0.00664645
	CLs = 0.0416717 +/- 0.00595044
	CLs = 0.0416667 +/- 0.00545003
	CLs = 0.0454685 +/- 0.00524528
	CLs = 0.0538255 +/- 0.00540247
	CLs = 0.0483871 +/- 0.00481673
	CLs      = 0.0483871 +/- 0.00481673
	CLb      = 0.5 +/- 0.0147828
	CLsplusb = 0.0241935 +/- 0.00229969


 -- HybridNew, before fit -- 
Limit: r < 16.7933 +/- 10 [15.7438, 20]
Fit to 6 points: 17.4012 +/- 0.272989

 -- Hybrid New -- 
Limit: r < 17.4012 +/- 0.272989 @ 95% CL
Done in 0.01 min (cpu), 0.62 min (real)
