	CLs = 0.0403226 +/- 0.0248087
	CLs = 0.0420168 +/- 0.00970607
	CLs = 0.0447469 +/- 0.00791507
	CLs = 0.0394711 +/- 0.0065022
	CLs = 0.0415232 +/- 0.00599105
	CLs = 0.0387744 +/- 0.00523201
	CLs = 0.040291 +/- 0.00499376
	CLs      = 0.040291 +/- 0.00499376
	CLb      = 0.493243 +/- 0.0167774
	CLsplusb = 0.0198733 +/- 0.00236857


 -- HybridNew, before fit -- 
Limit: r < 7.09478 +/- 5 [6.87307, 10]
Fit to 4 points: 7.3214 +/- 0.248768

 -- Hybrid New -- 
Limit: r < 7.3214 +/- 0.248768 @ 95% CL
Done in 0.01 min (cpu), 0.56 min (real)
