	CLs = 0.0345622 +/- 0.0118036
	CLs = 0.0284553 +/- 0.00776774
	CLs = 0.0342182 +/- 0.00687251
	CLs = 0.0360046 +/- 0.00615527
	CLs = 0.0377539 +/- 0.00559143
	CLs = 0.0393932 +/- 0.0053216
	CLs = 0.039432 +/- 0.00476721
	CLs      = 0.039432 +/- 0.00476721
	CLb      = 0.525901 +/- 0.0167564
	CLsplusb = 0.0207373 +/- 0.00241844


 -- HybridNew, before fit -- 
Limit: r < 11.3707 +/- 10 [9.94933, 11.91]
Fit to 4 points: 11.0097 +/- 0.202591

 -- Hybrid New -- 
Limit: r < 11.0097 +/- 0.202591 @ 95% CL
Done in 0.01 min (cpu), 0.58 min (real)
