	CLs = 0.0396616 +/- 0.0129155
	CLs = 0.0520833 +/- 0.010837
	CLs = 0.0480657 +/- 0.0084183
	CLs = 0.0394711 +/- 0.0065022
	CLs = 0.0468574 +/- 0.00642206
	CLs = 0.0499943 +/- 0.00602161
	CLs = 0.0494083 +/- 0.00555119
	CLs = 0.0474353 +/- 0.00508873
	CLs = 0.0454321 +/- 0.00461796
	CLs      = 0.0454321 +/- 0.00461796
	CLb      = 0.507867 +/- 0.014781
	CLsplusb = 0.0230735 +/- 0.00224712


 -- HybridNew, before fit -- 
Limit: r < 22.8708 +/- 12.3457 [21.4414, 24.6914]
Fit to 5 points: 22.8125 +/- 0.277523

 -- Hybrid New -- 
Limit: r < 22.8125 +/- 0.277523 @ 95% CL
Done in 0.02 min (cpu), 0.82 min (real)
