	CLs = 0.0403226 +/- 0.0131477
	CLs = 0.0504032 +/- 0.0104548
	CLs = 0.0483871 +/- 0.00834804
	CLs = 0.0565619 +/- 0.00778871
	CLs = 0.0519264 +/- 0.00667691
	CLs = 0.0505432 +/- 0.00600386
	CLs = 0.0480274 +/- 0.00545412
	CLs = 0.0457768 +/- 0.0049552
	CLs      = 0.0457768 +/- 0.0049552
	CLb      = 0.500984 +/- 0.0156864
	CLsplusb = 0.0229335 +/- 0.00237635


 -- HybridNew, before fit -- 
Limit: r < 6.75188 +/- 0.919721 [6.41426, 7.56391]
Fit to 5 points: 6.75024 +/- 0.0936571

 -- Hybrid New -- 
Limit: r < 6.75024 +/- 0.0936571 @ 95% CL
Done in 0.02 min (cpu), 0.74 min (real)
