	CLs = 0.031362 +/- 0.0121879
	CLs = 0.0475207 +/- 0.0102696
	CLs = 0.0481931 +/- 0.00818574
	CLs = 0.0475678 +/- 0.00717825
	CLs = 0.0519416 +/- 0.00673726
	CLs = 0.0471464 +/- 0.00573584
	CLs = 0.0508057 +/- 0.00561324
	CLs = 0.049912 +/- 0.00516608
	CLs = 0.049026 +/- 0.00483644
	CLs      = 0.049026 +/- 0.00483644
	CLb      = 0.502622 +/- 0.0147826
	CLsplusb = 0.0246416 +/- 0.00232035

Fit to 11 points: 12.1166 +/- 4.5275

 -- Hybrid New -- 
Limit: r < 15.347 +/- 0.581622 @ 95% CL
Done in 0.04 min (cpu), 2.04 min (real)
