	CLs = 0.0861126 +/- 0.0200513
	CLs = 0.0705645 +/- 0.012543
	CLs = 0.0912485 +/- 0.0121084
	CLs      = 0.0912485 +/- 0.0121084
	CLb      = 0.478723 +/- 0.0257622
	CLsplusb = 0.0436828 +/- 0.00529852


 -- Hybrid New -- 
Limit: r < 8.51666 +/- 0.411321 @ 95% CL
Done in 0.01 min (cpu), 0.18 min (real)
