	CLs = 0.0780437 +/- 0.0184321
	CLs = 0.0665323 +/- 0.012146
	CLs = 0.0516245 +/- 0.00869386
	CLs = 0.0460946 +/- 0.00710609
	CLs = 0.0432316 +/- 0.00588562
	CLs = 0.0452651 +/- 0.00571114
	CLs = 0.0443548 +/- 0.00521525
	CLs = 0.0450362 +/- 0.00492852
	CLs      = 0.0450362 +/- 0.00492852
	CLb      = 0.498031 +/- 0.0156863
	CLsplusb = 0.0224294 +/- 0.0023507


 -- HybridNew, before fit -- 
Limit: r < 8.2363 +/- 0.41638 [7.9181, 8.67723]
Fit to 4 points: 8.21313 +/- 0.065203

 -- Hybrid New -- 
Limit: r < 8.21313 +/- 0.065203 @ 95% CL
Done in 0.01 min (cpu), 0.67 min (real)
