	CLs = 0.0328048 +/- 0.0119005
	CLs = 0.0447154 +/- 0.00985205
	CLs = 0.0320874 +/- 0.00670204
	CLs = 0.0352823 +/- 0.00611631
	CLs = 0.0343513 +/- 0.00536641
	CLs = 0.0375166 +/- 0.00509859
	CLs = 0.0413237 +/- 0.00493862
	CLs      = 0.0413237 +/- 0.00493862
	CLb      = 0.515766 +/- 0.0167706
	CLsplusb = 0.0213134 +/- 0.00245108


 -- HybridNew, before fit -- 
Limit: r < 5.23441 +/- 5 [4.58011, 5.53226]
Fit to 5 points: 5.02894 +/- 0.0702774

 -- Hybrid New -- 
Limit: r < 5.02894 +/- 0.0702774 @ 95% CL
Done in 0.01 min (cpu), 0.57 min (real)
