	CLs = 0.0250278 +/- 0.0104267
	CLs = 0.0371901 +/- 0.00901656
	CLs = 0.0457124 +/- 0.00784755
	CLs = 0.0436315 +/- 0.00669582
	CLs = 0.0413252 +/- 0.00577608
	CLs = 0.0402564 +/- 0.00516102
	CLs = 0.0405273 +/- 0.00483631
	CLs      = 0.0405273 +/- 0.00483631
	CLb      = 0.525901 +/- 0.0167564
	CLsplusb = 0.0213134 +/- 0.00245108


 -- HybridNew, before fit -- 
Limit: r < 8.30056 +/- 0.762361 [7.30537, 11.1172]
Fit to 5 points: 8.32647 +/- 0.138336

 -- Hybrid New -- 
Limit: r < 8.32647 +/- 0.138336 @ 95% CL
Done in 0.01 min (cpu), 0.50 min (real)
