	CLs = 0.0555262 +/- 0.0154551
	CLs = 0.056 +/- 0.0110128
	CLs = 0.0540509 +/- 0.0088841
	CLs = 0.0564516 +/- 0.00785007
	CLs = 0.052254 +/- 0.00672306
	CLs = 0.0509338 +/- 0.00623958
	CLs = 0.0478111 +/- 0.00542741
	CLs = 0.0491052 +/- 0.00513255
	CLs = 0.0484718 +/- 0.00482591
	CLs      = 0.0484718 +/- 0.00482591
	CLb      = 0.499126 +/- 0.0147828
	CLsplusb = 0.0241935 +/- 0.00229969


 -- HybridNew, before fit -- 
Limit: r < 11.2075 +/- 1 [10.9056, 12.1556]
Fit to 4 points: 11.5624 +/- 0.0974352

 -- Hybrid New -- 
Limit: r < 11.5624 +/- 0.0974352 @ 95% CL
Done in 0.02 min (cpu), 0.81 min (real)
