	CLs = 0.0372208 +/- 0.012063
	CLs = 0.0304878 +/- 0.00805227
	CLs = 0.0459433 +/- 0.00814477
	CLs = 0.0397882 +/- 0.00655829
	CLs = 0.0450188 +/- 0.0062097
	CLs = 0.0449087 +/- 0.00566246
	CLs = 0.0463964 +/- 0.00536144
	CLs = 0.0470189 +/- 0.00507048
	CLs = 0.0490734 +/- 0.00489116
	CLs      = 0.0490734 +/- 0.00489116
	CLb      = 0.493007 +/- 0.0147814
	CLsplusb = 0.0241935 +/- 0.00229969

Fit to 13 points: 9734.65 +/- 60283.2

 -- Hybrid New -- 
Limit: r < 40 +/- 2.5 @ 95% CL
Done in 0.04 min (cpu), 2.27 min (real)
