	CLs = 0.0396616 +/- 0.0129155
	CLs = 0.0449219 +/- 0.00966086
	CLs = 0.0416667 +/- 0.00771065
	CLs = 0.0433468 +/- 0.00681743
	CLs = 0.0391445 +/- 0.00574738
	CLs = 0.0395465 +/- 0.00529421
	CLs = 0.040232 +/- 0.00494686
	CLs      = 0.040232 +/- 0.00494686
	CLb      = 0.501126 +/- 0.0167789
	CLsplusb = 0.0201613 +/- 0.00238532


 -- HybridNew, before fit -- 
Limit: r < 12.1023 +/- 1 [11.5768, 15]
Fit to 4 points: 12.2421 +/- 0.221341

 -- Hybrid New -- 
Limit: r < 12.2421 +/- 0.221341 @ 95% CL
Done in 0.01 min (cpu), 0.53 min (real)
