	CLs = 0.0351906 +/- 0.0128256
	CLs = 0.0343511 +/- 0.00828346
	CLs = 0.0294134 +/- 0.0064047
	CLs      = 0.0294134 +/- 0.0064047
	CLb      = 0.50266 +/- 0.0257852
	CLsplusb = 0.0147849 +/- 0.00312877

Fit to 13 points: 17646.7 +/- 54810.6

 -- Hybrid New -- 
Limit: r < 18.1824 +/- 3.01436 @ 95% CL
Done in 0.03 min (cpu), 1.62 min (real)
