	CLs = 0.0691244 +/- 0.0549749
	CLs = 0.0758197 +/- 0.0131724
	CLs = 0.0788815 +/- 0.0108469
	CLs = 0.0690088 +/- 0.00871305
	CLs = 0.0681734 +/- 0.00780399
	CLs = 0.0663576 +/- 0.00698298
	CLs = 0.0643673 +/- 0.00632721
	CLs = 0.0691082 +/- 0.00614236
	CLs      = 0.0691082 +/- 0.00614236
	CLb      = 0.50689 +/- 0.0156849
	CLsplusb = 0.0350302 +/- 0.00291872


 -- Hybrid New -- 
Limit: r < 18.177 +/- 0.591562 @ 95% CL
Done in 0.01 min (cpu), 0.17 min (real)
