	CLs = 0.0564516 +/- 0.0157404
	CLs = 0.0583333 +/- 0.011521
	CLs = 0.0583127 +/- 0.0090373
	CLs = 0.048814 +/- 0.00721418
	CLs = 0.0485786 +/- 0.00643239
	CLs = 0.0500084 +/- 0.00597857
	CLs = 0.046187 +/- 0.00533518
	CLs = 0.0445302 +/- 0.00489906
	CLs      = 0.0445302 +/- 0.00489906
	CLb      = 0.498031 +/- 0.0156863
	CLsplusb = 0.0221774 +/- 0.00233776


 -- HybridNew, before fit -- 
Limit: r < 12.2207 +/- 1.84566 [10.7717, 14.1655]
Fit to 5 points: 11.9612 +/- 0.270475

 -- Hybrid New -- 
Limit: r < 11.9612 +/- 0.270475 @ 95% CL
Done in 0.01 min (cpu), 0.53 min (real)
