	CLs = 0.0469427 +/- 0.0134012
	CLs = 0.0451128 +/- 0.00947853
	CLs = 0.0366805 +/- 0.00725142
	CLs = 0.0443548 +/- 0.00690104
	CLs = 0.0474305 +/- 0.00638434
	CLs = 0.0397552 +/- 0.0053242
	CLs = 0.0395683 +/- 0.00489765
	CLs      = 0.0395683 +/- 0.00489765
	CLb      = 0.502252 +/- 0.0167787
	CLsplusb = 0.0198733 +/- 0.00236857


 -- HybridNew, before fit -- 
Limit: r < 25.0355 +/- 20 [21.906, 25.9708]
Fit to 4 points: 24.6184 +/- 0.420113

 -- Hybrid New -- 
Limit: r < 24.6184 +/- 0.420113 @ 95% CL
Done in 0.02 min (cpu), 0.82 min (real)
