	CLs = 0.0246036 +/- 0.0102413
	CLs = 0.0544355 +/- 0.0108954
	CLs = 0.0510355 +/- 0.00822682
	CLs = 0.0477504 +/- 0.00696424
	CLs = 0.0492992 +/- 0.00630862
	CLs = 0.0525577 +/- 0.00617574
	CLs = 0.0518356 +/- 0.00563128
	CLs = 0.0521116 +/- 0.005298
	CLs = 0.0512545 +/- 0.00497675
	CLs      = 0.0512545 +/- 0.00497675
	CLb      = 0.498252 +/- 0.0147827
	CLsplusb = 0.0255376 +/- 0.00236108


 -- HybridNew, before fit -- 
Limit: r < 15.7855 +/- 0.92166 [15.3917, 20]
Fit to 4 points: 16.1401 +/- 0.195263

 -- Hybrid New -- 
Limit: r < 16.1401 +/- 0.195263 @ 95% CL
Done in 0.01 min (cpu), 0.72 min (real)
