	CLs = 0.0499232 +/- 0.0143347
	CLs = 0.0433071 +/- 0.00951655
	CLs = 0.0494956 +/- 0.00830271
	CLs = 0.0520307 +/- 0.0075643
	CLs = 0.0581351 +/- 0.00708154
	CLs = 0.0490591 +/- 0.00594373
	CLs = 0.0494278 +/- 0.00551756
	CLs = 0.0517167 +/- 0.00531145
	CLs = 0.0490926 +/- 0.00486825
	CLs      = 0.0490926 +/- 0.00486825
	CLb      = 0.497378 +/- 0.0147826
	CLsplusb = 0.0244176 +/- 0.00231005


 -- HybridNew, before fit -- 
Limit: r < 6.44445 +/- 0.948082 [5.85202, 6.8889]
Fit to 5 points: 6.39949 +/- 0.0859921

 -- Hybrid New -- 
Limit: r < 6.39949 +/- 0.0859921 @ 95% CL
Done in 0.02 min (cpu), 0.73 min (real)
