	CLs = 0.0397208 +/- 0.012274
	CLs = 0.0292969 +/- 0.00772009
	CLs = 0.0368788 +/- 0.00729332
	CLs = 0.0326467 +/- 0.00591058
	CLs = 0.0348227 +/- 0.00537752
	CLs = 0.0357397 +/- 0.00493603
	CLs      = 0.0357397 +/- 0.00493603
	CLb      = 0.517105 +/- 0.0181263
	CLsplusb = 0.0184812 +/- 0.00246887

Fit to 12 points: 11827.3 +/- 26467

 -- Hybrid New -- 
Limit: r < 8.19103 +/- 1.80897 @ 95% CL
Done in 0.02 min (cpu), 1.24 min (real)
