	CLs = 0.0268817 +/- 0.0112402
	CLs = 0.0357143 +/- 0.00863457
	CLs = 0.0416667 +/- 0.00771065
	CLs = 0.043869 +/- 0.00690623
	CLs = 0.0422077 +/- 0.00597017
	CLs = 0.0430108 +/- 0.00554234
	CLs = 0.0380422 +/- 0.00485076
	CLs      = 0.0380422 +/- 0.00485076
	CLb      = 0.492117 +/- 0.0167768
	CLsplusb = 0.0187212 +/- 0.00230024


 -- HybridNew, before fit -- 
Limit: r < 16.7478 +/- 1.06001 [14.6999, 17.5608]
Fit to 4 points: 15.99 +/- 0.24574

 -- Hybrid New -- 
Limit: r < 15.99 +/- 0.24574 @ 95% CL
Done in 0.01 min (cpu), 0.41 min (real)
