	CLs = 0.0382003 +/- 0.0163251
	CLs = 0.0337302 +/- 0.00837974
	CLs = 0.0339635 +/- 0.00696414
	CLs = 0.0352823 +/- 0.00611631
	CLs = 0.0310041 +/- 0.00493853
	CLs      = 0.0310041 +/- 0.00493853
	CLb      = 0.533228 +/- 0.019845
	CLsplusb = 0.0165323 +/- 0.00256047


 -- Hybrid New -- 
Limit: r < 6.46413 +/- 0.175873 @ 95% CL
Done in 0.00 min (cpu), 0.13 min (real)
