	CLs = 0.0273889 +/- 0.0114637
	CLs = 0.0332031 +/- 0.00824051
	CLs = 0.0288038 +/- 0.0062647
	CLs      = 0.0288038 +/- 0.0062647
	CLb      = 0.513298 +/- 0.0257764
	CLsplusb = 0.0147849 +/- 0.00312877


 -- Hybrid New -- 
Limit: r < 15.9748 +/- 0.188209 @ 95% CL
Done in 0.01 min (cpu), 0.26 min (real)
