	CLs = 0.0566232 +/- 0.0180695
	CLs = 0.0391791 +/- 0.00876434
	CLs = 0.0363239 +/- 0.00782413
	CLs = 0.0358386 +/- 0.00631746
	CLs = 0.0403627 +/- 0.00581109
	CLs = 0.0418871 +/- 0.00548109
	CLs = 0.0403832 +/- 0.00500604
	CLs = 0.0444423 +/- 0.00488861
	CLs      = 0.0444423 +/- 0.00488861
	CLb      = 0.499016 +/- 0.0156864
	CLsplusb = 0.0221774 +/- 0.00233776


 -- HybridNew, before fit -- 
Limit: r < 20.9875 +/- 20 [18.3641, 22.1758]
Fit to 6 points: 20.7892 +/- 0.264057

 -- Hybrid New -- 
Limit: r < 20.7892 +/- 0.264057 @ 95% CL
Done in 0.02 min (cpu), 0.75 min (real)
