	CLs = 0.050213 +/- 0.0158332
	CLs = 0.0434783 +/- 0.00910688
	CLs = 0.0497312 +/- 0.00847104
	CLs = 0.0433468 +/- 0.00681743
	CLs = 0.0472744 +/- 0.00607951
	CLs = 0.0454149 +/- 0.00563918
	CLs = 0.0442774 +/- 0.00524303
	CLs = 0.0431709 +/- 0.0047676
	CLs      = 0.0431709 +/- 0.0047676
	CLb      = 0.507874 +/- 0.0156844
	CLsplusb = 0.0219254 +/- 0.00232474


 -- HybridNew, before fit -- 
Limit: r < 9.85468 +/- 5.5783 [9.54672, 11.1566]
Fit to 4 points: 10.0095 +/- 0.148303

 -- Hybrid New -- 
Limit: r < 10.0095 +/- 0.148303 @ 95% CL
Done in 0.02 min (cpu), 0.84 min (real)
