	CLs = 0.0384025 +/- 0.0124748
	CLs = 0.0504202 +/- 0.0106993
	CLs = 0.0549322 +/- 0.00904351
	CLs = 0.0467186 +/- 0.00695724
	CLs = 0.0465424 +/- 0.00613971
	CLs = 0.0479241 +/- 0.00579416
	CLs = 0.0508057 +/- 0.00561324
	CLs = 0.0486041 +/- 0.00510458
	CLs = 0.0476258 +/- 0.00480893
	CLs      = 0.0476258 +/- 0.00480893
	CLb      = 0.493881 +/- 0.0147817
	CLsplusb = 0.0235215 +/- 0.00226831


 -- HybridNew, before fit -- 
Limit: r < 8.14096 +/- 0.506762 [7.46619, 9.07048]
Fit to 5 points: 8.27046 +/- 0.11009

 -- Hybrid New -- 
Limit: r < 8.27046 +/- 0.11009 @ 95% CL
Done in 0.01 min (cpu), 0.56 min (real)
