	CLs = 0.0246036 +/- 0.0102413
	CLs = 0.0456522 +/- 0.0103374
	CLs = 0.0535589 +/- 0.00892109
	CLs = 0.0508065 +/- 0.00736978
	CLs = 0.0483871 +/- 0.00646393
	CLs = 0.0522818 +/- 0.00614024
	CLs = 0.0568995 +/- 0.00594976
	CLs = 0.0519153 +/- 0.00530476
	CLs = 0.0479391 +/- 0.00479293
	CLs      = 0.0479391 +/- 0.00479293
	CLb      = 0.5 +/- 0.0147828
	CLsplusb = 0.0239695 +/- 0.00228928


 -- HybridNew, before fit -- 
Limit: r < 17.4421 +/- 9.50286 [13.0816, 19.0057]
Fit to 5 points: 16.9933 +/- 0.447453

 -- Hybrid New -- 
Limit: r < 16.9933 +/- 0.447453 @ 95% CL
Done in 0.01 min (cpu), 0.64 min (real)
