	CLs = 0.0514756 +/- 0.0171443
	CLs = 0.0610236 +/- 0.0114314
	CLs = 0.0571873 +/- 0.00907593
	CLs = 0.0515851 +/- 0.00733365
	CLs = 0.0442149 +/- 0.00615063
	CLs = 0.0424504 +/- 0.00551198
	CLs = 0.0396572 +/- 0.00490946
	CLs      = 0.0396572 +/- 0.00490946
	CLb      = 0.501126 +/- 0.0167789
	CLsplusb = 0.0198733 +/- 0.00236857


 -- HybridNew, before fit -- 
Limit: r < 9.97349 +/- 6.97417 [9.35014, 10.4703]
Fit to 4 points: 9.86501 +/- 0.12955

 -- Hybrid New -- 
Limit: r < 9.86501 +/- 0.12955 @ 95% CL
Done in 0.02 min (cpu), 1.00 min (real)
