	CLs = 0.042924 +/- 0.0133471
	CLs = 0.0362903 +/- 0.00878344
	CLs = 0.049305 +/- 0.0080333
	CLs = 0.0430055 +/- 0.00675948
	CLs = 0.0471332 +/- 0.00634085
	CLs = 0.0469734 +/- 0.00575752
	CLs = 0.0431057 +/- 0.00513055
	CLs = 0.0409278 +/- 0.00464998
	CLs      = 0.0409278 +/- 0.00464998
	CLb      = 0.504921 +/- 0.0156856
	CLsplusb = 0.0206653 +/- 0.0022584


 -- HybridNew, before fit -- 
Limit: r < 7.78669 +/- 1.04682 [7.03135, 8.90639]
Fit to 5 points: 7.77413 +/- 0.149201

 -- Hybrid New -- 
Limit: r < 7.77413 +/- 0.149201 @ 95% CL
Done in 0.01 min (cpu), 0.65 min (real)
