	CLs = 0.0317292 +/- 0.011486
	CLs = 0.0393701 +/- 0.00904944
	CLs = 0.0439458 +/- 0.00802575
	CLs = 0.0400051 +/- 0.00650607
	CLs = 0.0444956 +/- 0.00619288
	CLs = 0.0469195 +/- 0.00579576
	CLs = 0.0423406 +/- 0.00506966
	CLs = 0.0451254 +/- 0.00493909
	CLs      = 0.0451254 +/- 0.00493909
	CLb      = 0.497047 +/- 0.0156861
	CLsplusb = 0.0224294 +/- 0.0023507


 -- HybridNew, before fit -- 
Limit: r < 8.29811 +/- 0.59741 [7.97682, 10]
Fit to 4 points: 8.56679 +/- 0.12836

 -- Hybrid New -- 
Limit: r < 8.56679 +/- 0.12836 @ 95% CL
Done in 0.01 min (cpu), 0.40 min (real)
