	CLs = 0.0372208 +/- 0.013619
	CLs = 0.0391791 +/- 0.00876434
	CLs = 0.044515 +/- 0.00787066
	CLs = 0.047379 +/- 0.00714728
	CLs = 0.0503286 +/- 0.00656636
	CLs = 0.0490591 +/- 0.00594373
	CLs = 0.05059 +/- 0.0055175
	CLs = 0.0479775 +/- 0.00509159
	CLs = 0.0468015 +/- 0.00476908
	CLs      = 0.0468015 +/- 0.00476908
	CLb      = 0.493007 +/- 0.0147814
	CLsplusb = 0.0230735 +/- 0.00224712


 -- HybridNew, before fit -- 
Limit: r < 21.8005 +/- 20 [21.1193, 26.3504]
Fit to 4 points: 22.6934 +/- 0.37832

 -- Hybrid New -- 
Limit: r < 22.6934 +/- 0.37832 @ 95% CL
Done in 0.01 min (cpu), 0.60 min (real)
