	CLs = 0.042924 +/- 0.0133471
	CLs = 0.0374016 +/- 0.00880847
	CLs = 0.0374353 +/- 0.00726608
	CLs = 0.0367678 +/- 0.00659784
	CLs = 0.0390059 +/- 0.00599704
	CLs = 0.0432605 +/- 0.00567512
	CLs = 0.0410837 +/- 0.00502042
	CLs = 0.0416339 +/- 0.00480078
	CLs      = 0.0416339 +/- 0.00480078
	CLb      = 0.484252 +/- 0.0156786
	CLsplusb = 0.0201613 +/- 0.00223126


 -- HybridNew, before fit -- 
Limit: r < 27.0413 +/- 20 [23.6611, 28.6611]
Fit to 5 points: 26.4523 +/- 0.408438

 -- Hybrid New -- 
Limit: r < 26.4523 +/- 0.408438 @ 95% CL
Done in 0.02 min (cpu), 0.88 min (real)
