	CLs = 0.0382003 +/- 0.0131392
	CLs = 0.0302419 +/- 0.00798358
	CLs = 0.0317514 +/- 0.00662765
	CLs = 0.0322581 +/- 0.00583596
	CLs      = 0.0322581 +/- 0.00583596
	CLb      = 0.5 +/- 0.0222718
	CLsplusb = 0.016129 +/- 0.00282815


 -- Hybrid New -- 
Limit: r < 10.9506 +/- 0.171775 @ 95% CL
Done in 0.01 min (cpu), 0.22 min (real)
