	CLs = 0.0241935 +/- 0.0100624
	CLs = 0.0409836 +/- 0.00944905
	CLs = 0.0432408 +/- 0.00788667
	CLs = 0.043869 +/- 0.00690623
	CLs = 0.0431388 +/- 0.00604988
	CLs = 0.0397552 +/- 0.0053242
	CLs = 0.0401079 +/- 0.00496939
	CLs      = 0.0401079 +/- 0.00496939
	CLb      = 0.495495 +/- 0.0167782
	CLsplusb = 0.0198733 +/- 0.00236857


 -- HybridNew, before fit -- 
Limit: r < 12.1887 +/- 10 [10.6651, 14.1415]
Fit to 5 points: 11.9077 +/- 0.196262

 -- Hybrid New -- 
Limit: r < 11.9077 +/- 0.196262 @ 95% CL
Done in 0.01 min (cpu), 0.54 min (real)
