	CLs = 0.0380184 +/- 0.0117085
	CLs = 0.05 +/- 0.0314229
	CLs = 0.0421147 +/- 0.0261504
	CLs = 0.0409729 +/- 0.00667546
	CLs = 0.0383892 +/- 0.00575789
	CLs = 0.0385091 +/- 0.00524312
	CLs = 0.0407818 +/- 0.00501956
	CLs = 0.0438508 +/- 0.00484874
	CLs      = 0.0438508 +/- 0.00484874
	CLb      = 0.5 +/- 0.0156864
	CLsplusb = 0.0219254 +/- 0.00232474


 -- HybridNew, before fit -- 
Limit: r < 10 +/- 10 [9.375, 12.5]
Fit to 5 points: 10.4118 +/- 0.190881

 -- Hybrid New -- 
Limit: r < 10.4118 +/- 0.190881 @ 95% CL
Done in 0.01 min (cpu), 0.67 min (real)
