	CLs = 0.0375417 +/- 0.0128962
	CLs = 0.0515873 +/- 0.0104911
	CLs = 0.0574899 +/- 0.00912899
	CLs = 0.0475678 +/- 0.00717825
	CLs = 0.0476795 +/- 0.0064819
	CLs = 0.0459546 +/- 0.00566652
	CLs = 0.0497474 +/- 0.00559275
	CLs = 0.0471535 +/- 0.0050559
	CLs = 0.0481073 +/- 0.00481122
	CLs      = 0.0481073 +/- 0.00481122
	CLb      = 0.498252 +/- 0.0147827
	CLsplusb = 0.0239695 +/- 0.00228928


 -- HybridNew, before fit -- 
Limit: r < 6.57741 +/- 5 [6.37186, 7.43306]
Fit to 4 points: 6.87391 +/- 0.0839037

 -- Hybrid New -- 
Limit: r < 6.87391 +/- 0.0839037 @ 95% CL
Done in 0.02 min (cpu), 0.78 min (real)
