	CLs = 0.0456482 +/- 0.0150375
	CLs = 0.0491453 +/- 0.0106527
	CLs = 0.0474663 +/- 0.00843846
	CLs = 0.0487742 +/- 0.00729091
	CLs = 0.0480987 +/- 0.00660716
	CLs = 0.0410793 +/- 0.0054646
	CLs = 0.0423368 +/- 0.00510716
	CLs = 0.0421727 +/- 0.00473937
	CLs      = 0.0421727 +/- 0.00473937
	CLb      = 0.501969 +/- 0.0156863
	CLsplusb = 0.0211694 +/- 0.00228519


 -- HybridNew, before fit -- 
Limit: r < 5 +/- 5 [3.75, 5.3125]
Fit to 5 points: 4.6185 +/- 0.116397

 -- Hybrid New -- 
Limit: r < 4.6185 +/- 0.116397 @ 95% CL
Done in 0.01 min (cpu), 0.59 min (real)
