	CLs = 0.0483871 +/- 0.0144879
	CLs = 0.0362903 +/- 0.00878344
	CLs = 0.0303778 +/- 0.00662678
	CLs = 0.0350044 +/- 0.006065
	CLs = 0.0384662 +/- 0.00570449
	CLs = 0.0397552 +/- 0.0053242
	CLs = 0.040505 +/- 0.00498294
	CLs      = 0.040505 +/- 0.00498294
	CLb      = 0.497748 +/- 0.0167787
	CLsplusb = 0.0201613 +/- 0.00238532


 -- HybridNew, before fit -- 
Limit: r < 12.0358 +/- 1 [11.0179, 13.5179]
Fit to 5 points: 11.7157 +/- 0.152075

 -- Hybrid New -- 
Limit: r < 11.7157 +/- 0.152075 @ 95% CL
Done in 0.01 min (cpu), 0.61 min (real)
