	CLs = 0.0576037 +/- 0.0154771
	CLs = 0.0504202 +/- 0.0106993
	CLs = 0.0524194 +/- 0.00871306
	CLs = 0.0485346 +/- 0.00733716
	CLs = 0.046694 +/- 0.0062767
	CLs = 0.0481842 +/- 0.00596577
	CLs = 0.0451342 +/- 0.0052768
	CLs = 0.0430923 +/- 0.0047886
	CLs      = 0.0430923 +/- 0.0047886
	CLb      = 0.502953 +/- 0.0156861
	CLsplusb = 0.0216734 +/- 0.00231164


 -- HybridNew, before fit -- 
Limit: r < 8.2605 +/- 5.16407 [7.22794, 9.29432]
Fit to 5 points: 8.18496 +/- 0.208341

 -- Hybrid New -- 
Limit: r < 8.18496 +/- 0.208341 @ 95% CL
Done in 0.02 min (cpu), 0.81 min (real)
