	CLs = 0.0439883 +/- 0.016304
	CLs = 0.0423729 +/- 0.00979485
	CLs = 0.0411788 +/- 0.00916451
	CLs = 0.0426945 +/- 0.0069781
	CLs = 0.0431147 +/- 0.00592616
	CLs = 0.0443215 +/- 0.00577474
	CLs = 0.0454426 +/- 0.00531587
	CLs = 0.0433801 +/- 0.00495084
	CLs      = 0.0433801 +/- 0.00495084
	CLb      = 0.476378 +/- 0.0156689
	CLsplusb = 0.0206653 +/- 0.0022584


 -- HybridNew, before fit -- 
Limit: r < 11.0449 +/- 0.629112 [10.3751, 12.2828]
Fit to 5 points: 11.0635 +/- 0.126267

 -- Hybrid New -- 
Limit: r < 11.0635 +/- 0.126267 @ 95% CL
Done in 0.01 min (cpu), 0.73 min (real)
