	CLs = 0.05156 +/- 0.0148513
	CLs = 0.045082 +/- 0.00993962
	CLs = 0.0574291 +/- 0.00888596
	CLs = 0.0517835 +/- 0.00736454
	CLs = 0.0517285 +/- 0.00648268
	CLs = 0.0535803 +/- 0.00635328
	CLs = 0.0481363 +/- 0.00546758
	CLs = 0.0486293 +/- 0.0050784
	CLs = 0.0496583 +/- 0.00485549
	CLs      = 0.0496583 +/- 0.00485549
	CLb      = 0.505245 +/- 0.014782
	CLsplusb = 0.0250896 +/- 0.00234082


 -- HybridNew, before fit -- 
Limit: r < 18.0409 +/- 10.3281 [16.9134, 20.6563]
Fit to 6 points: 18.2693 +/- 0.342304

 -- Hybrid New -- 
Limit: r < 18.2693 +/- 0.342304 @ 95% CL
Done in 0.01 min (cpu), 0.69 min (real)
