	CLs = 0.0436277 +/- 0.0135845
	CLs = 0.04 +/- 0.00920519
	CLs = 0.0383663 +/- 0.00731848
	CLs = 0.0391633 +/- 0.00663532
	CLs = 0.0379372 +/- 0.00575219
	CLs = 0.0362938 +/- 0.00501774
	CLs = 0.0353954 +/- 0.0046078
	CLs      = 0.0353954 +/- 0.0046078
	CLb      = 0.504505 +/- 0.0167782
	CLsplusb = 0.0178571 +/- 0.00224752


 -- HybridNew, before fit -- 
Limit: r < 22.1961 +/- 14.9671 [16.6471, 23.1634]
Fit to 5 points: 20.3245 +/- 0.49206

 -- Hybrid New -- 
Limit: r < 20.3245 +/- 0.49206 @ 95% CL
Done in 0.01 min (cpu), 0.53 min (real)
