	CLs = 0.056926 +/- 0.0173219
	CLs = 0.050813 +/- 0.0105478
	CLs = 0.0418895 +/- 0.0077551
	CLs = 0.038155 +/- 0.00635945
	CLs = 0.0420686 +/- 0.00601152
	CLs = 0.0398603 +/- 0.00533933
	CLs = 0.0380184 +/- 0.00480743
	CLs      = 0.0380184 +/- 0.00480743
	CLb      = 0.5 +/- 0.0167789
	CLsplusb = 0.0190092 +/- 0.00231753

Fit to 12 points: 13.7899 +/- 0.716113

 -- Hybrid New -- 
Limit: r < 15.242 +/- 0.952625 @ 95% CL
Done in 0.03 min (cpu), 1.73 min (real)
