	CLs = 0.103687 +/- 0.0213908
	CLs = 0.0958647 +/- 0.0142469
	CLs      = 0.0958647 +/- 0.0142469
	CLb      = 0.53629 +/- 0.0316663
	CLsplusb = 0.0514113 +/- 0.00701152


 -- Hybrid New -- 
Limit: r < 8.93308 +/- 0.399265 @ 95% CL
Done in 0.00 min (cpu), 0.07 min (real)
