	CLs = 0.0403226 +/- 0.0131477
	CLs = 0.0289256 +/- 0.00790325
	CLs = 0.0369095 +/- 0.00745059
	CLs = 0.0382081 +/- 0.00646202
	CLs = 0.0443548 +/- 0.00617168
	CLs = 0.0472919 +/- 0.00562568
	CLs = 0.0478519 +/- 0.00529205
	CLs = 0.0491816 +/- 0.00517067
	CLs = 0.0465137 +/- 0.00471201
	CLs      = 0.0465137 +/- 0.00471201
	CLb      = 0.500874 +/- 0.0147828
	CLsplusb = 0.0232975 +/- 0.00225774


 -- HybridNew, before fit -- 
Limit: r < 13.6786 +/- 7.41495 [12.8237, 14.8299]
Fit to 5 points: 13.8374 +/- 0.16255

 -- Hybrid New -- 
Limit: r < 13.8374 +/- 0.16255 @ 95% CL
Done in 0.02 min (cpu), 0.77 min (real)
