	CLs = 0.0384025 +/- 0.0124748
	CLs = 0.0496032 +/- 0.0102735
	CLs = 0.0525899 +/- 0.00850182
	CLs = 0.0515851 +/- 0.00733365
	CLs = 0.0452133 +/- 0.00630108
	CLs = 0.0454597 +/- 0.00569097
	CLs = 0.0431122 +/- 0.00516938
	CLs = 0.0414122 +/- 0.00470921
	CLs      = 0.0414122 +/- 0.00470921
	CLb      = 0.499016 +/- 0.0156864
	CLsplusb = 0.0206653 +/- 0.0022584


 -- HybridNew, before fit -- 
Limit: r < 5.85614 +/- 0.5 [5, 6.67807]
Fit to 5 points: 5.73925 +/- 0.101046

 -- Hybrid New -- 
Limit: r < 5.73925 +/- 0.101046 @ 95% CL
Done in 0.01 min (cpu), 0.60 min (real)
