	CLs = 0.0537634 +/- 0.0149141
	CLs = 0.0480769 +/- 0.00992902
	CLs = 0.0521007 +/- 0.00853291
	CLs = 0.0536403 +/- 0.00765457
	CLs = 0.0444291 +/- 0.00631017
	CLs = 0.0449886 +/- 0.00562712
	CLs = 0.0484963 +/- 0.00547557
	CLs = 0.0461891 +/- 0.00497345
	CLs      = 0.0461891 +/- 0.00497345
	CLb      = 0.501969 +/- 0.0156863
	CLsplusb = 0.0231855 +/- 0.00238907


 -- HybridNew, before fit -- 
Limit: r < 20 +/- 20 [17.5, 21.25]
Fit to 6 points: 19.3049 +/- 0.298775

 -- Hybrid New -- 
Limit: r < 19.3049 +/- 0.298775 @ 95% CL
Done in 0.02 min (cpu), 0.81 min (real)
