	CLs = 0.0546306 +/- 0.0151798
	CLs = 0.0483871 +/- 0.0102291
	CLs = 0.0493758 +/- 0.00880875
	CLs = 0.0418406 +/- 0.00664765
	CLs = 0.0388877 +/- 0.00583806
	CLs = 0.0367742 +/- 0.00513963
	CLs = 0.0366985 +/- 0.00466778
	CLs      = 0.0366985 +/- 0.00466778
	CLb      = 0.510135 +/- 0.0167755
	CLsplusb = 0.0187212 +/- 0.00230024


 -- HybridNew, before fit -- 
Limit: r < 14.8842 +/- 1.69026 [14.2577, 15.3341]
Fit to 3 points: 14.6976 +/- 0.117942

 -- Hybrid New -- 
Limit: r < 14.6976 +/- 0.117942 @ 95% CL
Done in 0.02 min (cpu), 0.82 min (real)
