	CLs = 0.0623167 +/- 0.0157188
	CLs = 0.0504202 +/- 0.0106993
	CLs = 0.0494956 +/- 0.00830271
	CLs = 0.0433468 +/- 0.00681743
	CLs = 0.0436421 +/- 0.00600452
	CLs = 0.0389785 +/- 0.00526154
	CLs = 0.0415962 +/- 0.00497369
	CLs      = 0.0415962 +/- 0.00497369
	CLb      = 0.512387 +/- 0.0167738
	CLsplusb = 0.0213134 +/- 0.00245108


 -- HybridNew, before fit -- 
Limit: r < 15.519 +/- 1.65025 [14.8726, 18.9982]
Fit to 4 points: 15.957 +/- 0.242575

 -- Hybrid New -- 
Limit: r < 15.957 +/- 0.242575 @ 95% CL
Done in 0.01 min (cpu), 0.60 min (real)
