	CLs = 0.0451066 +/- 0.0140852
	CLs = 0.0321429 +/- 0.0111511
	CLs = 0.0449811 +/- 0.00795998
	CLs = 0.0462772 +/- 0.00696689
	CLs = 0.0424731 +/- 0.0458372
	CLs = 0.0464321 +/- 0.00573042
	CLs = 0.0490969 +/- 0.00547731
	CLs = 0.0485092 +/- 0.00509372
	CLs = 0.0479678 +/- 0.00477134
	CLs      = 0.0479678 +/- 0.00477134
	CLb      = 0.504371 +/- 0.0147822
	CLsplusb = 0.0241935 +/- 0.00229969


 -- HybridNew, before fit -- 
Limit: r < 13.7308 +/- 10 [12.8726, 15.2981]
Fit to 5 points: 13.6037 +/- 0.250463

 -- Hybrid New -- 
Limit: r < 13.6037 +/- 0.250463 @ 95% CL
Done in 0.02 min (cpu), 0.85 min (real)
