	CLs = 0.0390219 +/- 0.0126914
	CLs = 0.0395833 +/- 0.00936082
	CLs = 0.0463041 +/- 0.00808341
	CLs = 0.0454688 +/- 0.00691694
	CLs = 0.0408704 +/- 0.00588973
	CLs = 0.047635 +/- 0.00580047
	CLs = 0.0462424 +/- 0.00530553
	CLs = 0.0442867 +/- 0.00490085
	CLs      = 0.0442867 +/- 0.00490085
	CLb      = 0.495079 +/- 0.0156856
	CLsplusb = 0.0219254 +/- 0.00232474


 -- HybridNew, before fit -- 
Limit: r < 6.98182 +/- 5 [6.54545, 8.49091]
Fit to 5 points: 6.99898 +/- 0.140857

 -- Hybrid New -- 
Limit: r < 6.99898 +/- 0.140857 @ 95% CL
Done in 0.01 min (cpu), 0.66 min (real)
