	CLs = 0.056926 +/- 0.0147191
	CLs = 0.0496183 +/- 0.0100537
	CLs = 0.0488148 +/- 0.00869971
	CLs = 0.0453253 +/- 0.00715465
	CLs = 0.0453394 +/- 0.00613731
	CLs = 0.0405472 +/- 0.00554142
	CLs = 0.0445555 +/- 0.00524078
	CLs = 0.0443749 +/- 0.00491141
	CLs      = 0.0443749 +/- 0.00491141
	CLb      = 0.494094 +/- 0.0156853
	CLsplusb = 0.0219254 +/- 0.00232474


 -- HybridNew, before fit -- 
Limit: r < 6.91783 +/- 0.858274 [6.61553, 7.68837]
Fit to 4 points: 6.93409 +/- 0.0889457

 -- Hybrid New -- 
Limit: r < 6.93409 +/- 0.0889457 @ 95% CL
Done in 0.01 min (cpu), 0.66 min (real)
