	CLs = 0.0415827 +/- 0.0128963
	CLs = 0.0423387 +/- 0.00952793
	CLs = 0.0364705 +/- 0.00706599
	CLs = 0.0391591 +/- 0.00644705
	CLs = 0.0382258 +/- 0.0056663
	CLs = 0.0454597 +/- 0.00569097
	CLs = 0.0458332 +/- 0.00525463
	CLs = 0.0471009 +/- 0.00501994
	CLs = 0.0473928 +/- 0.0047092
	CLs      = 0.0473928 +/- 0.0047092
	CLb      = 0.51049 +/- 0.0147796
	CLsplusb = 0.0241935 +/- 0.00229969


 -- HybridNew, before fit -- 
Limit: r < 8.13462 +/- 4.77322 [7.11779, 8.48758]
Fit to 5 points: 8.05251 +/- 0.272721

 -- Hybrid New -- 
Limit: r < 8.05251 +/- 0.272721 @ 95% CL
Done in 0.02 min (cpu), 0.89 min (real)
