	CLs = 0.0230415 +/- 0.00956125
	CLs = 0.0452586 +/- 0.0102408
	CLs = 0.0571047 +/- 0.00943837
	CLs = 0.0554783 +/- 0.00762441
	CLs = 0.0506607 +/- 0.00644369
	CLs = 0.0510753 +/- 0.006118
	CLs = 0.048448 +/- 0.00539851
	CLs = 0.0486994 +/- 0.00511548
	CLs = 0.0484718 +/- 0.00482591
	CLs      = 0.0484718 +/- 0.00482591
	CLb      = 0.499126 +/- 0.0147828
	CLsplusb = 0.0241935 +/- 0.00229969


 -- HybridNew, before fit -- 
Limit: r < 12.6102 +/- 10 [12.2161, 14.4576]
Fit to 4 points: 13.0619 +/- 0.166945

 -- Hybrid New -- 
Limit: r < 13.0619 +/- 0.166945 @ 95% CL
Done in 0.01 min (cpu), 0.61 min (real)
