	CLs = 0.0998464 +/- 0.0209404
	CLs = 0.0496183 +/- 0.0100537
	CLs = 0.049439 +/- 0.00854608
	CLs = 0.0500064 +/- 0.00732364
	CLs = 0.0455354 +/- 0.00622574
	CLs = 0.0464321 +/- 0.00573042
	CLs = 0.0441356 +/- 0.0051506
	CLs = 0.0463229 +/- 0.00501932
	CLs = 0.0447247 +/- 0.0046149
	CLs      = 0.0447247 +/- 0.0046149
	CLb      = 0.500874 +/- 0.0147828
	CLsplusb = 0.0224014 +/- 0.00221491


 -- HybridNew, before fit -- 
Limit: r < 15.1169 +/- 1.28575 [14.7305, 17.5584]
Fit to 4 points: 15.8092 +/- 0.217202

 -- Hybrid New -- 
Limit: r < 15.8092 +/- 0.217202 @ 95% CL
Done in 0.01 min (cpu), 0.56 min (real)
