	CLs = 0.0604839 +/- 0.0673425
	CLs = 0.0629921 +/- 0.0116295
	CLs = 0.0499971 +/- 0.00852051
	CLs = 0.0423387 +/- 0.006733
	CLs = 0.0343052 +/- 0.00542729
	CLs = 0.0356183 +/- 0.00501797
	CLs = 0.0369496 +/- 0.00474168
	CLs      = 0.0369496 +/- 0.00474168
	CLb      = 0.498874 +/- 0.0167789
	CLsplusb = 0.0184332 +/- 0.00228281


 -- HybridNew, before fit -- 
Limit: r < 11.586 +/- 7.67351 [10.1378, 12.0561]
Fit to 4 points: 11.1154 +/- 0.143339

 -- Hybrid New -- 
Limit: r < 11.1154 +/- 0.143339 @ 95% CL
Done in 0.01 min (cpu), 0.70 min (real)
