	CLs = 0.0806452 +/- 0.0408289
	CLs = 0.0578512 +/- 0.0114157
	CLs = 0.0505376 +/- 0.00849383
	CLs = 0.0469297 +/- 0.00715843
	CLs = 0.0419355 +/- 0.00599103
	CLs = 0.0442384 +/- 0.00561747
	CLs = 0.0432913 +/- 0.00511697
	CLs = 0.0421667 +/- 0.00476988
	CLs      = 0.0421667 +/- 0.00476988
	CLb      = 0.496063 +/- 0.0156859
	CLsplusb = 0.0209173 +/- 0.00227184


 -- HybridNew, before fit -- 
Limit: r < 5.61919 +/- 3.41907 [5.26799, 5.92393]
Fit to 5 points: 5.55634 +/- 0.0479

 -- Hybrid New -- 
Limit: r < 5.55634 +/- 0.0479 @ 95% CL
Done in 0.02 min (cpu), 1.05 min (real)
