	CLs = 0.041006 +/- 0.0133883
	CLs = 0.0452756 +/- 0.0097434
	CLs = 0.0446671 +/- 0.00777391
	CLs = 0.0403226 +/- 0.00656157
	CLs = 0.0444956 +/- 0.00619288
	CLs = 0.0418871 +/- 0.00548109
	CLs = 0.0410837 +/- 0.00502042
	CLs = 0.0404021 +/- 0.0046482
	CLs      = 0.0404021 +/- 0.0046482
	CLb      = 0.499016 +/- 0.0156864
	CLsplusb = 0.0201613 +/- 0.00223126


 -- Hybrid New -- 
Limit: r < 7.57779 +/- 0.0856176 @ 95% CL
Done in 0.01 min (cpu), 0.46 min (real)
