	CLs = 0.0302419 +/- 0.0109154
	CLs = 0.0384615 +/- 0.0093472
	CLs = 0.0407562 +/- 0.00766585
	CLs = 0.0440056 +/- 0.00684228
	CLs = 0.0461943 +/- 0.00614616
	CLs = 0.0480411 +/- 0.00568051
	CLs = 0.0492749 +/- 0.00557138
	CLs = 0.0502056 +/- 0.00519925
	CLs = 0.0501885 +/- 0.00488779
	CLs      = 0.0501885 +/- 0.00488779
	CLb      = 0.504371 +/- 0.0147822
	CLsplusb = 0.0253136 +/- 0.00235097


 -- HybridNew, before fit -- 
Limit: r < 10.9343 +/- 10 [10.5926, 13.2007]
Fit to 4 points: 11.2707 +/- 0.255589

 -- Hybrid New -- 
Limit: r < 11.2707 +/- 0.255589 @ 95% CL
Done in 0.02 min (cpu), 0.73 min (real)
