	CLs = 0.0333704 +/- 0.0121191
	CLs = 0.0357143 +/- 0.00863457
	CLs = 0.035465 +/- 0.00745466
	CLs = 0.0365727 +/- 0.00616659
	CLs = 0.0390144 +/- 0.00585845
	CLs = 0.0361003 +/- 0.00503913
	CLs = 0.0335613 +/- 0.00451393
	CLs      = 0.0335613 +/- 0.00451393
	CLb      = 0.497748 +/- 0.0167787
	CLsplusb = 0.0167051 +/- 0.00217508


 -- HybridNew, before fit -- 
Limit: r < 6.23659 +/- 5 [5.45702, 6.47181]
Fit to 4 points: 5.98785 +/- 0.0749562

 -- Hybrid New -- 
Limit: r < 5.98785 +/- 0.0749562 @ 95% CL
Done in 0.02 min (cpu), 0.87 min (real)
