	CLs = 0.0264617 +/- 0.0101846
	CLs = 0.0275591 +/- 0.00751015
	CLs = 0.0319185 +/- 0.00666464
	CLs = 0.0397531 +/- 0.00637525
	CLs = 0.0401135 +/- 0.00577255
	CLs = 0.0385091 +/- 0.00524312
	CLs = 0.0330575 +/- 0.0044838
	CLs      = 0.0330575 +/- 0.0044838
	CLb      = 0.496622 +/- 0.0167785
	CLsplusb = 0.0164171 +/- 0.00215657


 -- HybridNew, before fit -- 
Limit: r < 8.35125 +/- 5 [6.26344, 8.76344]
Fit to 4 points: 7.38044 +/- 0.216633

 -- Hybrid New -- 
Limit: r < 7.38044 +/- 0.216633 @ 95% CL
Done in 0.01 min (cpu), 0.55 min (real)
