	CLs = 0.0771388 +/- 0.0171793
	CLs = 0.047619 +/- 0.0100523
	CLs = 0.0434308 +/- 0.00779092
	CLs = 0.0396925 +/- 0.00645148
	CLs = 0.0407422 +/- 0.00586987
	CLs = 0.0376344 +/- 0.00516523
	CLs = 0.0367835 +/- 0.00471892
	CLs      = 0.0367835 +/- 0.00471892
	CLb      = 0.501126 +/- 0.0167789
	CLsplusb = 0.0184332 +/- 0.00228281


 -- HybridNew, before fit -- 
Limit: r < 10 +/- 10 [9.375, 10.3125]
Fit to 4 points: 9.73832 +/- 0.0821832

 -- Hybrid New -- 
Limit: r < 9.73832 +/- 0.0821832 @ 95% CL
Done in 0.02 min (cpu), 0.97 min (real)
