	CLs = 0.0681508 +/- 0.0157979
	CLs = 0.059633 +/- 0.0123075
	CLs = 0.0517129 +/- 0.00801914
	CLs = 0.0401632 +/- 0.0065337
	CLs = 0.0435484 +/- 0.00611193
	CLs = 0.046371 +/- 0.00576802
	CLs = 0.0457128 +/- 0.00531263
	CLs = 0.046371 +/- 0.00499469
	CLs      = 0.046371 +/- 0.00499469
	CLb      = 0.5 +/- 0.0156864
	CLsplusb = 0.0231855 +/- 0.00238907


 -- HybridNew, before fit -- 
Limit: r < 10 +/- 10 [9.6875, 11.25]
Fit to 4 points: 10.1495 +/- 0.125616

 -- Hybrid New -- 
Limit: r < 10.1495 +/- 0.125616 @ 95% CL
Done in 0.01 min (cpu), 0.61 min (real)
