	CLs = 0.0361098 +/- 0.0116773
	CLs = 0.046371 +/- 0.00999963
	CLs = 0.0497908 +/- 0.00811979
	CLs = 0.0468983 +/- 0.00698632
	CLs = 0.0446948 +/- 0.00610133
	CLs = 0.0447567 +/- 0.00559573
	CLs = 0.0437634 +/- 0.00514013
	CLs = 0.0430081 +/- 0.0047785
	CLs      = 0.0430081 +/- 0.0047785
	CLb      = 0.503937 +/- 0.0156859
	CLsplusb = 0.0216734 +/- 0.00231164


 -- HybridNew, before fit -- 
Limit: r < 12.0241 +/- 1.85174 [11.7034, 14.0181]
Fit to 4 points: 12.358 +/- 0.129464

 -- Hybrid New -- 
Limit: r < 12.358 +/- 0.129464 @ 95% CL
Done in 0.01 min (cpu), 0.66 min (real)
