	CLs = 0.0546306 +/- 0.0151798
	CLs = 0.0516529 +/- 0.0107389
	CLs = 0.0518676 +/- 0.0086126
	CLs = 0.0442712 +/- 0.00706548
	CLs = 0.0445757 +/- 0.0063327
	CLs = 0.0472412 +/- 0.00588564
	CLs = 0.0465019 +/- 0.00552886
	CLs = 0.0478831 +/- 0.0050807
	CLs = 0.0435349 +/- 0.00455818
	CLs      = 0.0435349 +/- 0.00455818
	CLb      = 0.499126 +/- 0.0147828
	CLsplusb = 0.0217294 +/- 0.00218218


 -- HybridNew, before fit -- 
Limit: r < 12.6102 +/- 10 [11.0339, 13.5339]
Fit to 5 points: 12.2381 +/- 0.190644

 -- Hybrid New -- 
Limit: r < 12.2381 +/- 0.190644 @ 95% CL
Done in 0.01 min (cpu), 0.70 min (real)
