	CLs = 0.0513196 +/- 0.0141693
	CLs = 0.076 +/- 0.0130037
	CLs = 0.077957 +/- 0.0108102
	CLs = 0.0806452 +/- 0.00953528
	CLs      = 0.0806452 +/- 0.00953528
	CLb      = 0.5 +/- 0.0222718
	CLsplusb = 0.0403226 +/- 0.00441638


 -- Hybrid New -- 
Limit: r < 18.2901 +/- 0.518742 @ 95% CL
Done in 0.00 min (cpu), 0.11 min (real)
