	CLs = 0.0451066 +/- 0.0140852
	CLs = 0.0371901 +/- 0.00901656
	CLs = 0.0403226 +/- 0.00757816
	CLs = 0.0372984 +/- 0.00629748
	CLs = 0.0354839 +/- 0.0054864
	CLs = 0.0384075 +/- 0.0052283
	CLs = 0.040232 +/- 0.00494686
	CLs      = 0.040232 +/- 0.00494686
	CLb      = 0.501126 +/- 0.0167789
	CLsplusb = 0.0201613 +/- 0.00238532


 -- HybridNew, before fit -- 
Limit: r < 10 +/- 10 [9.375, 12.5]
Fit to 5 points: 10.1268 +/- 0.186852

 -- Hybrid New -- 
Limit: r < 10.1268 +/- 0.186852 @ 95% CL
Done in 0.01 min (cpu), 0.70 min (real)
