	CLs = 0.111367 +/- 0.0222752
	CLs = 0.0991736 +/- 0.0153823
	CLs      = 0.0991736 +/- 0.0153823
	CLb      = 0.487903 +/- 0.0317407
	CLsplusb = 0.0483871 +/- 0.00681301


 -- Hybrid New -- 
Limit: r < 14.9053 +/- 0.442028 @ 95% CL
Done in 0.00 min (cpu), 0.11 min (real)
