	CLs = 0.0351906 +/- 0.0128256
	CLs = 0.0376106 +/- 0.00941264
	CLs = 0.0412807 +/- 0.00737551
	CLs = 0.0419973 +/- 0.0067633
	CLs = 0.0398949 +/- 0.00586571
	CLs = 0.0395465 +/- 0.00529421
	CLs = 0.0409909 +/- 0.00500823
	CLs = 0.0447957 +/- 0.00493067
	CLs      = 0.0447957 +/- 0.00493067
	CLb      = 0.495079 +/- 0.0156856
	CLsplusb = 0.0221774 +/- 0.00233776


 -- HybridNew, before fit -- 
Limit: r < 18.7783 +/- 1.24078 [17.4934, 20.0081]
Fit to 6 points: 18.7091 +/- 0.219262

 -- Hybrid New -- 
Limit: r < 18.7091 +/- 0.219262 @ 95% CL
Done in 0.02 min (cpu), 0.78 min (real)
