	CLs = 0.0614439 +/- 0.0160254
	CLs = 0.0458015 +/- 0.00963575
	CLs = 0.0412552 +/- 0.0074967
	CLs = 0.0416613 +/- 0.00670502
	CLs = 0.0395161 +/- 0.00580594
	CLs = 0.0405359 +/- 0.00538691
	CLs = 0.0409909 +/- 0.00500823
	CLs = 0.0428427 +/- 0.00478938
	CLs      = 0.0428427 +/- 0.00478938
	CLb      = 0.5 +/- 0.0156864
	CLsplusb = 0.0214214 +/- 0.00229845


 -- HybridNew, before fit -- 
Limit: r < 5.25229 +/- 3.18526 [5.08815, 6.37051]
Fit to 4 points: 5.49593 +/- 0.0919488

 -- Hybrid New -- 
Limit: r < 5.49593 +/- 0.0919488 @ 95% CL
Done in 0.02 min (cpu), 0.72 min (real)
