	CLs = 0.116315 +/- 0.0257162
	CLs = 0.0951327 +/- 0.0156507
	CLs = 0.0770226 +/- 0.0107721
	CLs = 0.070619 +/- 0.00872416
	CLs = 0.0698504 +/- 0.00765668
	CLs = 0.0714524 +/- 0.00721568
	CLs = 0.0692919 +/- 0.00654381
	CLs = 0.0723829 +/- 0.00626417
	CLs      = 0.0723829 +/- 0.00626417
	CLb      = 0.511811 +/- 0.015682
	CLsplusb = 0.0370464 +/- 0.0029984


 -- Hybrid New -- 
Limit: r < 4.585 +/- 0.143952 @ 95% CL
Done in 0.01 min (cpu), 0.18 min (real)
