	CLs = 0.0725806 +/- 0.0180539
	CLs = 0.0979167 +/- 0.0153481
	CLs      = 0.0979167 +/- 0.0153481
	CLb      = 0.483871 +/- 0.0317335
	CLsplusb = 0.047379 +/- 0.00674524


 -- Hybrid New -- 
Limit: r < 11.7875 +/- 0.460261 @ 95% CL
Done in 0.00 min (cpu), 0.07 min (real)
