	CLs = 0.0524194 +/- 0.0151237
	CLs = 0.0625 +/- 0.0117397
	CLs = 0.0393976 +/- 0.00752974
	CLs = 0.0426695 +/- 0.00670249
	CLs = 0.042332 +/- 0.00618348
	CLs = 0.0400067 +/- 0.00531139
	CLs = 0.039851 +/- 0.00501503
	CLs = 0.0428468 +/- 0.00485287
	CLs      = 0.0428468 +/- 0.00485287
	CLb      = 0.488189 +/- 0.015682
	CLsplusb = 0.0209173 +/- 0.00227184


 -- HybridNew, before fit -- 
Limit: r < 10.7115 +/- 10 [10.3768, 13.0336]
Fit to 4 points: 11.0035 +/- 0.163217

 -- Hybrid New -- 
Limit: r < 11.0035 +/- 0.163217 @ 95% CL
Done in 0.01 min (cpu), 0.59 min (real)
