	CLs = 0.0524194 +/- 0.0151237
	CLs = 0.0483871 +/- 0.0102291
	CLs = 0.0516245 +/- 0.00869386
	CLs = 0.0654927 +/- 0.00843041
	CLs = 0.058871 +/- 0.00718073
	CLs = 0.0475435 +/- 0.00587955
	CLs = 0.0438776 +/- 0.00519187
	CLs = 0.0430923 +/- 0.0047886
	CLs      = 0.0430923 +/- 0.0047886
	CLb      = 0.502953 +/- 0.0156861
	CLsplusb = 0.0216734 +/- 0.00231164


 -- HybridNew, before fit -- 
Limit: r < 13.3296 +/- 10 [9.99719, 14.1634]
Fit to 5 points: 12.7296 +/- 0.265101

 -- Hybrid New -- 
Limit: r < 12.7296 +/- 0.265101 @ 95% CL
Done in 0.01 min (cpu), 0.63 min (real)
