	CLs = 0.05156 +/- 0.0148513
	CLs = 0.0483193 +/- 0.0104577
	CLs = 0.0519035 +/- 0.00874533
	CLs = 0.0502582 +/- 0.00698042
	CLs = 0.0508065 +/- 0.00663449
	CLs = 0.0484805 +/- 0.00595867
	CLs = 0.0451342 +/- 0.00516785
	CLs = 0.0409071 +/- 0.00467878
	CLs      = 0.0409071 +/- 0.00467878
	CLb      = 0.499016 +/- 0.0156864
	CLsplusb = 0.0204133 +/- 0.00224488


 -- HybridNew, before fit -- 
Limit: r < 14.613 +/- 10 [12.7863, 20]
Fit to 5 points: 14.6892 +/- 0.405006

 -- Hybrid New -- 
Limit: r < 14.6892 +/- 0.405006 @ 95% CL
Done in 0.01 min (cpu), 0.48 min (real)
