	CLs = 0.0604839 +/- 0.01634
	CLs = 0.0532787 +/- 0.0108691
	CLs = 0.0505376 +/- 0.00903515
	CLs = 0.0541542 +/- 0.00757571
	CLs = 0.0520555 +/- 0.00658222
	CLs = 0.0536614 +/- 0.00610138
	CLs = 0.0533761 +/- 0.00564285
	CLs = 0.0498992 +/- 0.00519365
	CLs = 0.0470059 +/- 0.00476615
	CLs      = 0.0470059 +/- 0.00476615
	CLb      = 0.495629 +/- 0.0147822
	CLsplusb = 0.0232975 +/- 0.00225774


 -- HybridNew, before fit -- 
Limit: r < 9.6771 +/- 7.35632 [9.37469, 10.3065]
Fit to 4 points: 9.71089 +/- 0.0593637

 -- Hybrid New -- 
Limit: r < 9.71089 +/- 0.0593637 @ 95% CL
Done in 0.02 min (cpu), 0.94 min (real)
