	CLs = 0.0542269 +/- 0.0156991
	CLs = 0.0555556 +/- 0.0109164
	CLs = 0.0460629 +/- 0.00803771
	CLs = 0.048814 +/- 0.00721418
	CLs = 0.0511354 +/- 0.00680262
	CLs = 0.0509394 +/- 0.00610022
	CLs = 0.0488531 +/- 0.00548326
	CLs = 0.047453 +/- 0.00500194
	CLs = 0.0448588 +/- 0.00460452
	CLs      = 0.0448588 +/- 0.00460452
	CLb      = 0.504371 +/- 0.0147822
	CLsplusb = 0.0226254 +/- 0.0022257


 -- HybridNew, before fit -- 
Limit: r < 15.6011 +/- 0.932064 [13.9267, 18.587]
Fit to 5 points: 15.6502 +/- 0.27045

 -- Hybrid New -- 
Limit: r < 15.6502 +/- 0.27045 @ 95% CL
Done in 0.01 min (cpu), 0.60 min (real)
