	CLs = 0.0483871 +/- 0.0144879
	CLs = 0.0393701 +/- 0.00904944
	CLs = 0.0452179 +/- 0.00800539
	CLs = 0.0443548 +/- 0.00690104
	CLs = 0.0380236 +/- 0.00569918
	CLs = 0.0397552 +/- 0.0053242
	CLs = 0.0428196 +/- 0.00513154
	CLs = 0.0478831 +/- 0.0050807
	CLs = 0.0477414 +/- 0.00479636
	CLs      = 0.0477414 +/- 0.00479636
	CLb      = 0.497378 +/- 0.0147826
	CLsplusb = 0.0237455 +/- 0.00227882


 -- HybridNew, before fit -- 
Limit: r < 13.3651 +/- 1.56226 [12.1887, 14.1945]
Fit to 5 points: 13.1955 +/- 0.15265

 -- Hybrid New -- 
Limit: r < 13.1955 +/- 0.15265 @ 95% CL
Done in 0.01 min (cpu), 0.62 min (real)
