	CLs = 0.062435 +/- 0.0163145
	CLs = 0.0547445 +/- 0.0103281
	CLs = 0.0561529 +/- 0.00901406
	CLs = 0.0485799 +/- 0.00725928
	CLs = 0.0493497 +/- 0.00654373
	CLs = 0.0526549 +/- 0.00610105
	CLs = 0.0498762 +/- 0.00557216
	CLs = 0.0528038 +/- 0.00531805
	CLs = 0.0510753 +/- 0.00495773
	CLs      = 0.0510753 +/- 0.00495773
	CLb      = 0.5 +/- 0.0147828
	CLsplusb = 0.0255376 +/- 0.00236108


 -- HybridNew, before fit -- 
Limit: r < 11.7739 +/- 1 [11.3304, 15]
Fit to 4 points: 12.7088 +/- 0.364129

 -- Hybrid New -- 
Limit: r < 12.7088 +/- 0.364129 @ 95% CL
Done in 0.01 min (cpu), 0.58 min (real)
