	CLs = 0.0385694 +/- 0.0118912
	CLs = 0.0292969 +/- 0.00772009
	CLs = 0.0442856 +/- 0.00782675
	CLs = 0.0448854 +/- 0.00673996
	CLs = 0.0430247 +/- 0.006159
	CLs = 0.0437245 +/- 0.00541237
	CLs = 0.0434413 +/- 0.00499272
	CLs      = 0.0434413 +/- 0.00499272
	CLb      = 0.530405 +/- 0.0167478
	CLsplusb = 0.0230415 +/- 0.00254626


 -- HybridNew, before fit -- 
Limit: r < 10.7289 +/- 6.99727 [9.38779, 12.3617]
Fit to 5 points: 10.5724 +/- 0.201162

 -- Hybrid New -- 
Limit: r < 10.5724 +/- 0.201162 @ 95% CL
Done in 0.01 min (cpu), 0.61 min (real)
