	CLs = 0.0764007 +/- 0.0191383
	CLs = 0.0658915 +/- 0.0118097
	CLs = 0.0551075 +/- 0.00895014
	CLs = 0.049592 +/- 0.00733962
	CLs = 0.0444956 +/- 0.00619288
	CLs = 0.047043 +/- 0.00581233
	CLs = 0.0472173 +/- 0.00531869
	CLs = 0.0463278 +/- 0.00495988
	CLs      = 0.0463278 +/- 0.00495988
	CLb      = 0.505906 +/- 0.0156853
	CLsplusb = 0.0234375 +/- 0.00240171


 -- HybridNew, before fit -- 
Limit: r < 11.6921 +/- 1.84566 [10.7717, 13.769]
Fit to 5 points: 11.8789 +/- 0.192525

 -- Hybrid New -- 
Limit: r < 11.8789 +/- 0.192525 @ 95% CL
Done in 0.01 min (cpu), 0.62 min (real)
