	CLs = 0.0483871 +/- 0.0138524
	CLs = 0.0605469 +/- 0.0113322
	CLs = 0.0664969 +/- 0.010459
	CLs = 0.0632488 +/- 0.00848264
	CLs = 0.0668429 +/- 0.00785033
	CLs = 0.0657682 +/- 0.00712188
	CLs = 0.0639401 +/- 0.00631247
	CLs = 0.0664205 +/- 0.00607938
	CLs = 0.0690311 +/- 0.00585682
	CLs      = 0.0690311 +/- 0.00585682
	CLb      = 0.496503 +/- 0.0147824
	CLsplusb = 0.0342742 +/- 0.00272301


 -- Hybrid New -- 
Limit: r < 13.4099 +/- 0.492793 @ 95% CL
Done in 0.01 min (cpu), 0.23 min (real)
