	CLs = 0.0967742 +/- 0.0211986
	CLs = 0.0741525 +/- 0.013266
	CLs = 0.063172 +/- 0.00963537
	CLs = 0.062253 +/- 0.00825725
	CLs = 0.0631029 +/- 0.007469
	CLs = 0.0527184 +/- 0.00624133
	CLs = 0.0528959 +/- 0.00575754
	CLs = 0.0541159 +/- 0.00540616
	CLs = 0.0507111 +/- 0.00496794
	CLs      = 0.0507111 +/- 0.00496794
	CLb      = 0.494755 +/- 0.014782
	CLsplusb = 0.0250896 +/- 0.00234082


 -- HybridNew, before fit -- 
Limit: r < 14.8243 +/- 1.31542 [14.1236, 16.1182]
Fit to 4 points: 15.1905 +/- 0.132918

 -- Hybrid New -- 
Limit: r < 15.1905 +/- 0.132918 @ 95% CL
Done in 0.01 min (cpu), 0.52 min (real)
