	CLs = 0.0422427 +/- 0.0131179
	CLs = 0.0564516 +/- 0.0111109
	CLs = 0.0444287 +/- 0.00812121
	CLs = 0.0451836 +/- 0.00695397
	CLs = 0.0490384 +/- 0.00649874
	CLs = 0.0464321 +/- 0.00582308
	CLs = 0.0447294 +/- 0.0052256
	CLs = 0.0452149 +/- 0.0049497
	CLs      = 0.0452149 +/- 0.0049497
	CLb      = 0.496063 +/- 0.0156859
	CLsplusb = 0.0224294 +/- 0.0023507


 -- HybridNew, before fit -- 
Limit: r < 12.3872 +/- 10 [9.29042, 13.3388]
Fit to 5 points: 12.201 +/- 0.308367

 -- Hybrid New -- 
Limit: r < 12.201 +/- 0.308367 @ 95% CL
Done in 0.02 min (cpu), 0.75 min (real)
