	CLs = 0.0525947 +/- 0.0175535
	CLs = 0.035124 +/- 0.00874916
	CLs = 0.0355129 +/- 0.00714996
	CLs = 0.0364349 +/- 0.00623385
	CLs = 0.0404506 +/- 0.00588818
	CLs = 0.0356978 +/- 0.00508203
	CLs = 0.0350927 +/- 0.00468991
	CLs      = 0.0350927 +/- 0.00468991
	CLb      = 0.484234 +/- 0.0167706
	CLsplusb = 0.0169931 +/- 0.00219343


 -- HybridNew, before fit -- 
Limit: r < 7.54872 +/- 5 [6.60513, 7.85513]
Fit to 4 points: 7.34654 +/- 0.102888

 -- Hybrid New -- 
Limit: r < 7.34654 +/- 0.102888 @ 95% CL
Done in 0.01 min (cpu), 0.55 min (real)
