	CLs = 0.0387097 +/- 0.0204704
	CLs = 0.0375 +/- 0.0162001
	CLs = 0.0459433 +/- 0.00814477
	CLs = 0.0453629 +/- 0.00698387
	CLs = 0.0453931 +/- 0.00620466
	CLs = 0.0505567 +/- 0.00591898
	CLs = 0.0454426 +/- 0.00531587
	CLs = 0.0468319 +/- 0.00504859
	CLs = 0.0500044 +/- 0.00489241
	CLs      = 0.0500044 +/- 0.00489241
	CLb      = 0.501748 +/- 0.0147827
	CLsplusb = 0.0250896 +/- 0.00234082


 -- HybridNew, before fit -- 
Limit: r < 7.08744 +/- 0.75703 [6.86929, 8.54372]
Fit to 4 points: 7.47388 +/- 0.128387

 -- Hybrid New -- 
Limit: r < 7.47388 +/- 0.128387 @ 95% CL
Done in 0.01 min (cpu), 0.48 min (real)
