	CLs = 0.0632754 +/- 0.0159899
	CLs = 0.0555556 +/- 0.0113812
	CLs = 0.0454571 +/- 0.00805132
	CLs = 0.0440056 +/- 0.00684228
	CLs = 0.0428855 +/- 0.0061375
	CLs = 0.0413592 +/- 0.00535947
	CLs = 0.0404136 +/- 0.00497086
	CLs      = 0.0404136 +/- 0.00497086
	CLb      = 0.498874 +/- 0.0167789
	CLsplusb = 0.0201613 +/- 0.00238532


 -- HybridNew, before fit -- 
Limit: r < 16.4453 +/- 0.955676 [15.2216, 20]
Fit to 6 points: 16.6025 +/- 0.200717

 -- Hybrid New -- 
Limit: r < 16.6025 +/- 0.200717 @ 95% CL
Done in 0.01 min (cpu), 0.65 min (real)
