	CLs = 0.0317292 +/- 0.011486
	CLs = 0.0416667 +/- 0.00936483
	CLs = 0.0427626 +/- 0.00766151
	CLs = 0.0413978 +/- 0.00640568
	CLs = 0.0364055 +/- 0.0388853
	CLs = 0.0346725 +/- 0.00492666
	CLs      = 0.0346725 +/- 0.00492666
	CLb      = 0.503947 +/- 0.0181363
	CLsplusb = 0.0174731 +/- 0.00240182


 -- HybridNew, before fit -- 
Limit: r < 5.59855 +/- 5 [4.19891, 5.87364]
Fit to 4 points: 5.1893 +/- 0.101712

 -- Hybrid New -- 
Limit: r < 5.1893 +/- 0.101712 @ 95% CL
Done in 0.01 min (cpu), 0.54 min (real)
