	CLs = 0.0345622 +/- 0.0135154
	CLs = 0.0460526 +/- 0.0104358
	CLs = 0.0430108 +/- 0.00784136
	CLs = 0.0413306 +/- 0.00664773
	CLs = 0.0382665 +/- 0.00573819
	CLs = 0.0416667 +/- 0.00545003
	CLs = 0.0452015 +/- 0.00524829
	CLs = 0.0440241 +/- 0.00486945
	CLs      = 0.0440241 +/- 0.00486945
	CLb      = 0.498031 +/- 0.0156863
	CLsplusb = 0.0219254 +/- 0.00232474


 -- HybridNew, before fit -- 
Limit: r < 14.4028 +/- 10 [13.5026, 15.8021]
Fit to 5 points: 14.6429 +/- 0.156391

 -- Hybrid New -- 
Limit: r < 14.6429 +/- 0.156391 @ 95% CL
Done in 0.01 min (cpu), 0.71 min (real)
