	CLs = 0.0443548 +/- 0.0138303
	CLs = 0.042 +/- 0.00944568
	CLs = 0.0347613 +/- 0.00698875
	CLs = 0.0367276 +/- 0.00628735
	CLs = 0.0341956 +/- 0.00540884
	CLs = 0.0360061 +/- 0.00502509
	CLs = 0.0385077 +/- 0.00483397
	CLs      = 0.0385077 +/- 0.00483397
	CLb      = 0.501126 +/- 0.0167789
	CLsplusb = 0.0192972 +/- 0.00233467


 -- Hybrid New -- 
Limit: r < 11.1689 +/- 0.13737 @ 95% CL
Done in 0.01 min (cpu), 0.26 min (real)
