	CLs = 0.0409429 +/- 0.012682
	CLs = 0.0524194 +/- 0.0106768
	CLs = 0.0441202 +/- 0.00792475
	CLs = 0.0342997 +/- 0.00622908
	CLs = 0.0388737 +/- 0.00597525
	CLs = 0.0401115 +/- 0.00532632
	CLs = 0.0378237 +/- 0.00490343
	CLs      = 0.0378237 +/- 0.00490343
	CLb      = 0.47973 +/- 0.0167651
	CLsplusb = 0.0181452 +/- 0.00226524


 -- HybridNew, before fit -- 
Limit: r < 7.62133 +/- 6.15257 [5.716, 7.91407]
Fit to 4 points: 7.1966 +/- 0.210606

 -- Hybrid New -- 
Limit: r < 7.1966 +/- 0.210606 @ 95% CL
Done in 0.01 min (cpu), 0.66 min (real)
