	CLs = 0.0362903 +/- 0.0124359
	CLs = 0.0383065 +/- 0.00903706
	CLs = 0.0391869 +/- 0.00748652
	CLs = 0.0443548 +/- 0.00690104
	CLs = 0.0451613 +/- 0.00623098
	CLs = 0.047841 +/- 0.00587319
	CLs = 0.0443548 +/- 0.00521525
	CLs = 0.0484146 +/- 0.00508292
	CLs = 0.0503473 +/- 0.00495372
	CLs      = 0.0503473 +/- 0.00495372
	CLb      = 0.493881 +/- 0.0147817
	CLsplusb = 0.0248656 +/- 0.00233061


 -- HybridNew, before fit -- 
Limit: r < 11.845 +/- 1.79905 [11.4249, 12.8643]
Fit to 4 points: 12.0888 +/- 0.150196

 -- Hybrid New -- 
Limit: r < 12.0888 +/- 0.150196 @ 95% CL
Done in 0.02 min (cpu), 0.86 min (real)
