	CLs = 0.054312 +/- 0.0172579
	CLs = 0.0456522 +/- 0.0103374
	CLs = 0.0456989 +/- 0.00809778
	CLs = 0.0443548 +/- 0.00690104
	CLs = 0.0405794 +/- 0.00590834
	CLs = 0.0382059 +/- 0.00519891
	CLs = 0.0362088 +/- 0.00468005
	CLs      = 0.0362088 +/- 0.00468005
	CLb      = 0.501126 +/- 0.0167789
	CLsplusb = 0.0181452 +/- 0.00226524


 -- Hybrid New -- 
Limit: r < 10.6153 +/- 0.226371 @ 95% CL
Done in 0.01 min (cpu), 0.20 min (real)
