	CLs = 0.0477056 +/- 0.013079
	CLs = 0.0546875 +/- 0.0107286
	CLs = 0.0555649 +/- 0.00891008
	CLs = 0.0451836 +/- 0.00695397
	CLs = 0.0453047 +/- 0.00625241
	CLs = 0.0449462 +/- 0.00571478
	CLs = 0.0477036 +/- 0.00541415
	CLs = 0.0457768 +/- 0.0049552
	CLs      = 0.0457768 +/- 0.0049552
	CLb      = 0.500984 +/- 0.0156864
	CLsplusb = 0.0229335 +/- 0.00237635


 -- HybridNew, before fit -- 
Limit: r < 6.57741 +/- 5 [6.37186, 7.43306]
Fit to 4 points: 6.84697 +/- 0.0722306

 -- Hybrid New -- 
Limit: r < 6.84697 +/- 0.0722306 @ 95% CL
Done in 0.01 min (cpu), 0.60 min (real)
