	CLs = 0.0403226 +/- 0.0131477
	CLs = 0.0524194 +/- 0.0106768
	CLs = 0.0364705 +/- 0.00706599
	CLs = 0.0381048 +/- 0.00653987
	CLs = 0.0397376 +/- 0.00604526
	CLs = 0.0423314 +/- 0.00559336
	CLs = 0.0446478 +/- 0.00510758
	CLs = 0.0461968 +/- 0.00491544
	CLs      = 0.0461968 +/- 0.00491544
	CLb      = 0.512795 +/- 0.0156813
	CLsplusb = 0.0236895 +/- 0.00241427


 -- HybridNew, before fit -- 
Limit: r < 6.64223 +/- 5 [5.81196, 8.32112]
Fit to 5 points: 6.49198 +/- 0.0994426

 -- Hybrid New -- 
Limit: r < 6.49198 +/- 0.0994426 @ 95% CL
Done in 0.01 min (cpu), 0.56 min (real)
