	CLs = 0.0268817 +/- 0.0103549
	CLs = 0.054878 +/- 0.010993
	CLs = 0.044592 +/- 0.00801653
	CLs = 0.0391591 +/- 0.00644705
	CLs = 0.039206 +/- 0.00582218
	CLs = 0.0357123 +/- 0.00503209
	CLs = 0.0362035 +/- 0.00472008
	CLs      = 0.0362035 +/- 0.00472008
	CLb      = 0.493243 +/- 0.0167774
	CLsplusb = 0.0178571 +/- 0.00224752


 -- HybridNew, before fit -- 
Limit: r < 8.23898 +/- 5.31291 [6.17924, 8.53734]
Fit to 4 points: 7.17509 +/- 0.240997

 -- Hybrid New -- 
Limit: r < 7.17509 +/- 0.240997 @ 95% CL
Done in 0.01 min (cpu), 0.67 min (real)
