	CLs = 0.0403226 +/- 0.0248087
	CLs = 0.0508475 +/- 0.0107985
	CLs = 0.050273 +/- 0.00844524
	CLs = 0.049592 +/- 0.00733962
	CLs = 0.0472814 +/- 0.00636252
	CLs = 0.0436828 +/- 0.00558805
	CLs = 0.046659 +/- 0.00535742
	CLs = 0.0490632 +/- 0.00518689
	CLs = 0.0506272 +/- 0.00493445
	CLs      = 0.0506272 +/- 0.00493445
	CLb      = 0.5 +/- 0.0147828
	CLsplusb = 0.0253136 +/- 0.00235097


 -- HybridNew, before fit -- 
Limit: r < 14.4593 +/- 10 [14.0075, 15.8445]
Fit to 4 points: 14.8665 +/- 0.199334

 -- Hybrid New -- 
Limit: r < 14.8665 +/- 0.199334 @ 95% CL
Done in 0.02 min (cpu), 0.71 min (real)
