	CLs = 0.0907258 +/- 0.0213016
	CLs = 0.0756303 +/- 0.0133463
	CLs = 0.0680818 +/- 0.00988488
	CLs = 0.0755231 +/- 0.00905013
	CLs = 0.0876259 +/- 0.00891177
	CLs      = 0.0876259 +/- 0.00891177
	CLb      = 0.501582 +/- 0.0198888
	CLsplusb = 0.0439516 +/- 0.00411625


 -- Hybrid New -- 
Limit: r < 9.12587 +/- 0.400025 @ 95% CL
Done in 0.00 min (cpu), 0.12 min (real)
