	CLs = 0.0351197 +/- 0.0120072
	CLs = 0.0334646 +/- 0.00830954
	CLs = 0.0458243 +/- 0.00799252
	CLs = 0.0471918 +/- 0.00711658
	CLs = 0.0472814 +/- 0.00636252
	CLs = 0.0433286 +/- 0.00549273
	CLs = 0.0407818 +/- 0.00501956
	CLs = 0.0396265 +/- 0.00461583
	CLs      = 0.0396265 +/- 0.00461583
	CLb      = 0.496063 +/- 0.0156859
	CLsplusb = 0.0196573 +/- 0.00220376


 -- Hybrid New -- 
Limit: r < 11.5376 +/- 0.409896 @ 95% CL
Done in 0.01 min (cpu), 0.19 min (real)
