	CLs = 0.0583982 +/- 0.0163432
	CLs = 0.0430328 +/- 0.00969675
	CLs = 0.0455881 +/- 0.00794783
	CLs = 0.0436315 +/- 0.00669582
	CLs = 0.0433059 +/- 0.00620247
	CLs = 0.0432383 +/- 0.005574
	CLs = 0.0445555 +/- 0.00524078
	CLs = 0.0436788 +/- 0.0048282
	CLs      = 0.0436788 +/- 0.0048282
	CLb      = 0.501969 +/- 0.0156863
	CLsplusb = 0.0219254 +/- 0.00232474


 -- HybridNew, before fit -- 
Limit: r < 6.1152 +/- 0.899525 [5.50237, 6.6008]
Fit to 5 points: 6.17775 +/- 0.0896908

 -- Hybrid New -- 
Limit: r < 6.17775 +/- 0.0896908 @ 95% CL
Done in 0.02 min (cpu), 0.93 min (real)
