	CLs = 0.0639075 +/- 0.0180698
	CLs = 0.0340909 +/- 0.00821662
	CLs = 0.0410122 +/- 0.00758028
	CLs = 0.0386361 +/- 0.0062674
	CLs = 0.0381868 +/- 0.00559678
	CLs = 0.0356021 +/- 0.0050675
	CLs = 0.0403226 +/- 0.00495883
	CLs      = 0.0403226 +/- 0.00495883
	CLb      = 0.5 +/- 0.0167789
	CLsplusb = 0.0201613 +/- 0.00238532


 -- HybridNew, before fit -- 
Limit: r < 15.7457 +/- 1.39339 [14.3894, 20]
Fit to 5 points: 15.9756 +/- 0.255733

 -- Hybrid New -- 
Limit: r < 15.9756 +/- 0.255733 @ 95% CL
Done in 0.01 min (cpu), 0.45 min (real)
