	CLs = 0.05156 +/- 0.0148513
	CLs = 0.0527344 +/- 0.0105217
	CLs = 0.047043 +/- 0.00822365
	CLs = 0.0485799 +/- 0.00725928
	CLs = 0.0471332 +/- 0.00634085
	CLs = 0.0481338 +/- 0.00586657
	CLs = 0.0441559 +/- 0.00518997
	CLs = 0.0492981 +/- 0.00515453
	CLs = 0.0504508 +/- 0.00491568
	CLs      = 0.0504508 +/- 0.00491568
	CLb      = 0.501748 +/- 0.0147827
	CLsplusb = 0.0253136 +/- 0.00235097


 -- HybridNew, before fit -- 
Limit: r < 14.2238 +/- 10 [10.6678, 14.9458]
Fit to 5 points: 13.5157 +/- 0.239196

 -- Hybrid New -- 
Limit: r < 13.5157 +/- 0.239196 @ 95% CL
Done in 0.01 min (cpu), 0.64 min (real)
