	CLs = 0.0365186 +/- 0.0133439
	CLs = 0.0538793 +/- 0.0112478
	CLs = 0.0543415 +/- 0.00893662
	CLs = 0.0451836 +/- 0.00695397
	CLs = 0.0439377 +/- 0.00610894
	CLs = 0.0438928 +/- 0.00557004
	CLs = 0.042241 +/- 0.00509471
	CLs = 0.0454524 +/- 0.00494726
	CLs      = 0.0454524 +/- 0.00494726
	CLb      = 0.499016 +/- 0.0156864
	CLsplusb = 0.0226815 +/- 0.00236357


 -- HybridNew, before fit -- 
Limit: r < 7.54936 +/- 5 [7.07753, 8.77468]
Fit to 5 points: 7.74251 +/- 0.130766

 -- Hybrid New -- 
Limit: r < 7.74251 +/- 0.130766 @ 95% CL
Done in 0.02 min (cpu), 0.93 min (real)
