	CLs = 0.0472069 +/- 0.0176026
	CLs = 0.0492126 +/- 0.0101852
	CLs = 0.0379763 +/- 0.00768119
	CLs = 0.0355843 +/- 0.00607863
	CLs = 0.0336905 +/- 0.00554057
	CLs = 0.0373721 +/- 0.00522899
	CLs = 0.0362864 +/- 0.00473161
	CLs      = 0.0362864 +/- 0.00473161
	CLb      = 0.492117 +/- 0.0167768
	CLsplusb = 0.0178571 +/- 0.00224752


 -- HybridNew, before fit -- 
Limit: r < 9.27838 +/- 5.21013 [8.69848, 9.56385]
Fit to 4 points: 9.18461 +/- 0.0532829

 -- Hybrid New -- 
Limit: r < 9.18461 +/- 0.0532829 @ 95% CL
Done in 0.01 min (cpu), 0.68 min (real)
