	CLs = 0.0403226 +/- 0.0131477
	CLs = 0.0347826 +/- 0.00894632
	CLs = 0.0368239 +/- 0.00700393
	CLs = 0.0328748 +/- 0.00585655
	CLs = 0.0354839 +/- 0.0054864
	CLs = 0.0356183 +/- 0.00501797
	CLs = 0.0370412 +/- 0.00479504
	CLs      = 0.0370412 +/- 0.00479504
	CLb      = 0.489865 +/- 0.0167755
	CLsplusb = 0.0181452 +/- 0.00226524


 -- HybridNew, before fit -- 
Limit: r < 10 +/- 10 [8.75, 10.3125]
Fit to 4 points: 9.76922 +/- 0.154318

 -- Hybrid New -- 
Limit: r < 9.76922 +/- 0.154318 @ 95% CL
Done in 0.02 min (cpu), 0.84 min (real)
