	CLs = 0.0582437 +/- 0.01699
	CLs = 0.0782443 +/- 0.0128529
	CLs = 0.068915 +/- 0.010134
	CLs = 0.0701801 +/- 0.0087338
	CLs = 0.0683912 +/- 0.00783196
	CLs = 0.0658602 +/- 0.00696496
	CLs = 0.0633641 +/- 0.00631388
	CLs = 0.0660282 +/- 0.00603926
	CLs = 0.0689098 +/- 0.00584527
	CLs      = 0.0689098 +/- 0.00584527
	CLb      = 0.497378 +/- 0.0147826
	CLsplusb = 0.0342742 +/- 0.00272301


 -- Hybrid New -- 
Limit: r < 21.1014 +/- 0.655599 @ 95% CL
Done in 0.01 min (cpu), 0.19 min (real)
