	CLs = 0.0713908 +/- 0.0177187
	CLs = 0.0586957 +/- 0.0118403
	CLs = 0.0564516 +/- 0.00906695
	CLs = 0.0554435 +/- 0.00777435
	CLs = 0.0568112 +/- 0.00706949
	CLs = 0.0577957 +/- 0.00648953
	CLs = 0.0606204 +/- 0.00617228
	CLs = 0.054222 +/- 0.0054178
	CLs = 0.0500916 +/- 0.00490173
	CLs      = 0.0500916 +/- 0.00490173
	CLb      = 0.500874 +/- 0.0147828
	CLsplusb = 0.0250896 +/- 0.00234082


 -- HybridNew, before fit -- 
Limit: r < 8.17271 +/- 5 [7.91731, 9.08635]
Fit to 4 points: 8.41311 +/- 0.0720674

 -- Hybrid New -- 
Limit: r < 8.41311 +/- 0.0720674 @ 95% CL
Done in 0.01 min (cpu), 0.52 min (real)
