	CLs = 0.0574084 +/- 0.0160362
	CLs = 0.0504032 +/- 0.0104548
	CLs = 0.0523706 +/- 0.00858139
	CLs = 0.0514235 +/- 0.00755076
	CLs = 0.0469859 +/- 0.00631932
	CLs = 0.046553 +/- 0.00574662
	CLs = 0.0492749 +/- 0.00557138
	CLs = 0.0448589 +/- 0.00490753
	CLs      = 0.0448589 +/- 0.00490753
	CLb      = 0.5 +/- 0.0156864
	CLsplusb = 0.0224294 +/- 0.0023507


 -- HybridNew, before fit -- 
Limit: r < 18.364 +/- 10.5732 [17.2162, 21.1464]
Fit to 6 points: 18.3465 +/- 0.338437

 -- Hybrid New -- 
Limit: r < 18.3465 +/- 0.338437 @ 95% CL
Done in 0.02 min (cpu), 0.86 min (real)
