	CLs = 0.0725806 +/- 0.0180539
	CLs = 0.0383065 +/- 0.00903706
	CLs = 0.0450741 +/- 0.00811044
	CLs = 0.0435195 +/- 0.00684678
	CLs = 0.0386368 +/- 0.0057977
	CLs = 0.0406735 +/- 0.00535789
	CLs = 0.0420507 +/- 0.00506998
	CLs = 0.0417525 +/- 0.00471943
	CLs      = 0.0417525 +/- 0.00471943
	CLb      = 0.500984 +/- 0.0156864
	CLsplusb = 0.0209173 +/- 0.00227184


 -- HybridNew, before fit -- 
Limit: r < 7.10622 +/- 4.63035 [5.32966, 9.26071]
Fit to 5 points: 7.29283 +/- 0.221279

 -- Hybrid New -- 
Limit: r < 7.29283 +/- 0.221279 @ 95% CL
Done in 0.01 min (cpu), 0.55 min (real)
