	CLs = 0.0390219 +/- 0.0126914
	CLs = 0.0410156 +/- 0.00920718
	CLs = 0.0458243 +/- 0.00799252
	CLs = 0.0377079 +/- 0.00627968
	CLs = 0.0382665 +/- 0.00573819
	CLs = 0.0359017 +/- 0.00506057
	CLs = 0.0345622 +/- 0.00457277
	CLs      = 0.0345622 +/- 0.00457277
	CLb      = 0.5 +/- 0.0167789
	CLsplusb = 0.0172811 +/- 0.00221162


 -- HybridNew, before fit -- 
Limit: r < 11.9282 +/- 1 [11.4461, 12.3122]
Fit to 3 points: 11.7054 +/- 0.0891706

 -- Hybrid New -- 
Limit: r < 11.7054 +/- 0.0891706 @ 95% CL
Done in 0.02 min (cpu), 0.81 min (real)
