	CLs = 0.0411805 +/- 0.0151826
	CLs = 0.0423387 +/- 0.00952793
	CLs = 0.0376344 +/- 0.00730746
	CLs = 0.0440056 +/- 0.00684228
	CLs = 0.0469227 +/- 0.00637017
	CLs = 0.0466745 +/- 0.00576291
	CLs = 0.0468701 +/- 0.00538374
	CLs = 0.0457768 +/- 0.0049552
	CLs      = 0.0457768 +/- 0.0049552
	CLb      = 0.500984 +/- 0.0156864
	CLsplusb = 0.0229335 +/- 0.00237635


 -- HybridNew, before fit -- 
Limit: r < 11.8686 +/- 1.85174 [11.3049, 13.9014]
Fit to 4 points: 12.1396 +/- 0.194767

 -- Hybrid New -- 
Limit: r < 12.1396 +/- 0.194767 @ 95% CL
Done in 0.01 min (cpu), 0.47 min (real)
