	CLs = 0.0436277 +/- 0.0135845
	CLs = 0.0416667 +/- 0.0116587
	CLs = 0.0424362 +/- 0.00946589
	CLs = 0.0483871 +/- 0.00722791
	CLs = 0.0481274 +/- 0.00636737
	CLs = 0.0494277 +/- 0.00603853
	CLs = 0.0477036 +/- 0.00541415
	CLs = 0.0502952 +/- 0.00523864
	CLs = 0.0510798 +/- 0.00488673
	CLs      = 0.0510798 +/- 0.00488673
	CLb      = 0.513112 +/- 0.0147777
	CLsplusb = 0.0262097 +/- 0.00239112


 -- HybridNew, before fit -- 
Limit: r < 4.40168 +/- 2.5 [4.26412, 5]
Fit to 4 points: 4.61085 +/- 0.0635324

 -- Hybrid New -- 
Limit: r < 4.61085 +/- 0.0635324 @ 95% CL
Done in 0.01 min (cpu), 0.57 min (real)
