	CLs = 0.0329912 +/- 0.0112322
	CLs = 0.0518018 +/- 0.0112836
	CLs = 0.0567839 +/- 0.00937989
	CLs = 0.0472374 +/- 0.00729757
	CLs = 0.0508012 +/- 0.00675406
	CLs = 0.047447 +/- 0.00596141
	CLs = 0.0447429 +/- 0.00538097
	CLs = 0.0435934 +/- 0.00481799
	CLs      = 0.0435934 +/- 0.00481799
	CLb      = 0.502953 +/- 0.0156861
	CLsplusb = 0.0219254 +/- 0.00232474


 -- HybridNew, before fit -- 
Limit: r < 14.1392 +/- 10 [13.6974, 17.0696]
Fit to 4 points: 14.9708 +/- 0.301835

 -- Hybrid New -- 
Limit: r < 14.9708 +/- 0.301835 @ 95% CL
Done in 0.02 min (cpu), 0.75 min (real)
