	CLs = 0.111052 +/- 0.0226934
	CLs = 0.0887097 +/- 0.0142355
	CLs = 0.0824561 +/- 0.0110813
	CLs = 0.0720091 +/- 0.00891802
	CLs = 0.0748589 +/- 0.0081241
	CLs      = 0.0748589 +/- 0.0081241
	CLb      = 0.506329 +/- 0.0198873
	CLsplusb = 0.0379032 +/- 0.00383461


 -- Hybrid New -- 
Limit: r < 8.90842 +/- 0.354729 @ 95% CL
Done in 0.00 min (cpu), 0.10 min (real)
