	CLs = 0.0779114 +/- 0.0189617
	CLs = 0.0524194 +/- 0.0106768
	CLs = 0.0461903 +/- 0.0081923
	CLs = 0.0437619 +/- 0.00707045
	CLs = 0.0415232 +/- 0.00599105
	CLs = 0.0432383 +/- 0.005574
	CLs = 0.0442552 +/- 0.00520258
	CLs = 0.0442677 +/- 0.00486784
	CLs      = 0.0442677 +/- 0.00486784
	CLb      = 0.500984 +/- 0.0156864
	CLsplusb = 0.0221774 +/- 0.00233776


 -- HybridNew, before fit -- 
Limit: r < 21.4231 +/- 20 [16.0673, 22.5841]
Fit to 6 points: 20.4723 +/- 0.521051

 -- Hybrid New -- 
Limit: r < 20.4723 +/- 0.521051 @ 95% CL
Done in 0.02 min (cpu), 0.86 min (real)
