	CLs = 0.0317292 +/- 0.011486
	CLs = 0.0221774 +/- 0.00679705
	CLs      = 0.0221774 +/- 0.00679705
	CLb      = 0.5 +/- 0.03175
	CLsplusb = 0.0110887 +/- 0.00332478


 -- Hybrid New -- 
Limit: r < 20.9683 +/- 0.392593 @ 95% CL
Done in 0.01 min (cpu), 0.21 min (real)
