	CLs = 0.0422427 +/- 0.0131179
	CLs = 0.0396825 +/- 0.00912666
	CLs = 0.031586 +/- 0.00674355
	CLs = 0.0350044 +/- 0.006065
	CLs = 0.0388877 +/- 0.00583806
	CLs = 0.0410793 +/- 0.0054646
	CLs = 0.0429128 +/- 0.00510578
	CLs = 0.045185 +/- 0.00491575
	CLs      = 0.045185 +/- 0.00491575
	CLb      = 0.501969 +/- 0.0156863
	CLsplusb = 0.0226815 +/- 0.00236357


 -- HybridNew, before fit -- 
Limit: r < 8.60913 +/- 5.37065 [6.45684, 9.67521]
Fit to 5 points: 8.35007 +/- 0.202272

 -- Hybrid New -- 
Limit: r < 8.35007 +/- 0.202272 @ 95% CL
Done in 0.01 min (cpu), 0.58 min (real)
