	CLs = 0.0375417 +/- 0.0128962
	CLs = 0.0368852 +/- 0.0089375
	CLs = 0.0387723 +/- 0.00740156
	CLs = 0.0483871 +/- 0.00722791
	CLs = 0.0442485 +/- 0.00621821
	CLs = 0.0440304 +/- 0.00563612
	CLs = 0.0462966 +/- 0.00527628
	CLs = 0.0466912 +/- 0.00500211
	CLs = 0.0455104 +/- 0.00462659
	CLs      = 0.0455104 +/- 0.00462659
	CLb      = 0.506993 +/- 0.0147814
	CLsplusb = 0.0230735 +/- 0.00224712


 -- HybridNew, before fit -- 
Limit: r < 5 +/- 5 [4.84375, 6.25]
Fit to 4 points: 5.33238 +/- 0.0926837

 -- Hybrid New -- 
Limit: r < 5.33238 +/- 0.0926837 @ 95% CL
Done in 0.01 min (cpu), 0.59 min (real)
