	CLs = 0.0680444 +/- 0.0167824
	CLs = 0.0567227 +/- 0.0114011
	CLs = 0.0499971 +/- 0.00852051
	CLs = 0.041109 +/- 0.00679259
	CLs = 0.0403627 +/- 0.00581109
	CLs = 0.0416027 +/- 0.00530154
	CLs = 0.0420584 +/- 0.00503325
	CLs = 0.0430121 +/- 0.00480981
	CLs      = 0.0430121 +/- 0.00480981
	CLb      = 0.498031 +/- 0.0156863
	CLsplusb = 0.0214214 +/- 0.00229845


 -- HybridNew, before fit -- 
Limit: r < 10 +/- 10 [9.375, 11.25]
Fit to 5 points: 10.0158 +/- 0.181255

 -- Hybrid New -- 
Limit: r < 10.0158 +/- 0.181255 @ 95% CL
Done in 0.02 min (cpu), 0.89 min (real)
