	CLs = 0.0490884 +/- 0.0134946
	CLs = 0.06 +/- 0.0114304
	CLs = 0.0678268 +/- 0.00995447
	CLs = 0.0698336 +/- 0.00883019
	CLs = 0.0767783 +/- 0.00836071
	CLs      = 0.0767783 +/- 0.00836071
	CLb      = 0.493671 +/- 0.0198873
	CLsplusb = 0.0379032 +/- 0.00383461


 -- Hybrid New -- 
Limit: r < 4.32216 +/- 0.143181 @ 95% CL
Done in 0.01 min (cpu), 0.25 min (real)
