	CLs = 0.033871 +/- 0.0132274
	CLs = 0.0277778 +/- 0.00757294
	CLs = 0.0326049 +/- 0.0068168
	CLs = 0.0312158 +/- 0.00594183
	CLs      = 0.0312158 +/- 0.00594183
	CLb      = 0.468254 +/- 0.0222268
	CLsplusb = 0.0146169 +/- 0.00269439

Fit to 12 points: 2.9521 +/- 3.86446

 -- Hybrid New -- 
Limit: r < 5 +/- 0.3125 @ 95% CL
Done in 0.03 min (cpu), 1.96 min (real)
