	CLs = 0.0390219 +/- 0.0126914
	CLs = 0.0368852 +/- 0.0089375
	CLs = 0.0375793 +/- 0.00715777
	CLs = 0.0431958 +/- 0.0068802
	CLs = 0.0387097 +/- 0.00574319
	CLs = 0.0388762 +/- 0.00524674
	CLs = 0.0357143 +/- 0.00465207
	CLs      = 0.0357143 +/- 0.00465207
	CLb      = 0.5 +/- 0.0167789
	CLsplusb = 0.0178571 +/- 0.00224752


 -- HybridNew, before fit -- 
Limit: r < 20.5286 +/- 11.7297 [15.3965, 21.2613]
Fit to 5 points: 18.4066 +/- 0.441082

 -- Hybrid New -- 
Limit: r < 18.4066 +/- 0.441082 @ 95% CL
Done in 0.01 min (cpu), 0.68 min (real)
