	CLs = 0.0345622 +/- 0.0118036
	CLs = 0.04 +/- 0.00920519
	CLs = 0.0319185 +/- 0.00666464
	CLs = 0.037151 +/- 0.00627086
	CLs = 0.0432745 +/- 0.00607042
	CLs = 0.0362903 +/- 0.00506745
	CLs = 0.0377633 +/- 0.00477291
	CLs      = 0.0377633 +/- 0.00477291
	CLb      = 0.503378 +/- 0.0167785
	CLsplusb = 0.0190092 +/- 0.00231753


 -- HybridNew, before fit -- 
Limit: r < 10.8219 +/- 1 [10, 11.3441]
Fit to 4 points: 10.5948 +/- 0.112462

 -- Hybrid New -- 
Limit: r < 10.5948 +/- 0.112462 @ 95% CL
Done in 0.01 min (cpu), 0.67 min (real)
