	CLs = 0.0529234 +/- 0.0146574
	CLs = 0.0503597 +/- 0.00979988
	CLs = 0.0486459 +/- 0.0083967
	CLs = 0.0431958 +/- 0.0068802
	CLs = 0.0381843 +/- 0.00579232
	CLs = 0.0362903 +/- 0.00506745
	CLs = 0.0370254 +/- 0.00471223
	CLs      = 0.0370254 +/- 0.00471223
	CLb      = 0.505631 +/- 0.0167778
	CLsplusb = 0.0187212 +/- 0.00230024


 -- Hybrid New -- 
Limit: r < 11.5131 +/- 0.440993 @ 95% CL
Done in 0.01 min (cpu), 0.16 min (real)
