	CLs = 0.0362903 +/- 0.0221634
	CLs = 0.0362903 +/- 0.012686
	CLs = 0.0345202 +/- 0.00708573
	CLs = 0.0393272 +/- 0.00666511
	CLs = 0.0383892 +/- 0.00575789
	CLs = 0.0400067 +/- 0.00531139
	CLs = 0.0405335 +/- 0.00494815
	CLs      = 0.0405335 +/- 0.00494815
	CLb      = 0.504505 +/- 0.0167782
	CLsplusb = 0.0204493 +/- 0.00240194


 -- HybridNew, before fit -- 
Limit: r < 15.6553 +/- 1.31542 [14.5391, 20]
Fit to 5 points: 16.1013 +/- 0.240374

 -- Hybrid New -- 
Limit: r < 16.1013 +/- 0.240374 @ 95% CL
Done in 0.01 min (cpu), 0.56 min (real)
