	CLs = 0.0709121 +/- 0.0181783
	CLs = 0.0584677 +/- 0.0113233
	CLs = 0.0557001 +/- 0.00905618
	CLs = 0.0566765 +/- 0.00788457
	CLs = 0.0543764 +/- 0.00690486
	CLs = 0.0539431 +/- 0.00630932
	CLs = 0.051266 +/- 0.00559813
	CLs = 0.0504032 +/- 0.0052216
	CLs = 0.0509861 +/- 0.00494828
	CLs      = 0.0509861 +/- 0.00494828
	CLb      = 0.500874 +/- 0.0147828
	CLsplusb = 0.0255376 +/- 0.00236108

Fit to 12 points: 5.83847 +/- 0.355439

 -- Hybrid New -- 
Limit: r < 6.60669 +/- 0.412918 @ 95% CL
Done in 0.04 min (cpu), 2.03 min (real)
