	CLs = 0.0513196 +/- 0.0141693
	CLs = 0.0423729 +/- 0.00979485
	CLs = 0.0438337 +/- 0.00774036
	CLs = 0.0517651 +/- 0.00728472
	CLs = 0.0511327 +/- 0.00674094
	CLs = 0.0510753 +/- 0.00594277
	CLs = 0.0475563 +/- 0.00543237
	CLs = 0.0451254 +/- 0.00493909
	CLs      = 0.0451254 +/- 0.00493909
	CLb      = 0.497047 +/- 0.0156861
	CLsplusb = 0.0224294 +/- 0.0023507


 -- HybridNew, before fit -- 
Limit: r < 7.74637 +/- 0.645688 [6.77156, 8.30978]
Fit to 5 points: 7.70054 +/- 0.117027

 -- Hybrid New -- 
Limit: r < 7.70054 +/- 0.117027 @ 95% CL
Done in 0.01 min (cpu), 0.66 min (real)
