	CLs = 0.0537634 +/- 0.0149141
	CLs = 0.0443548 +/- 0.009766
	CLs = 0.0500112 +/- 0.00839719
	CLs = 0.0460058 +/- 0.00700559
	CLs = 0.0488842 +/- 0.00647648
	CLs = 0.0467967 +/- 0.00577929
	CLs = 0.0439769 +/- 0.00520457
	CLs = 0.0429243 +/- 0.00476845
	CLs      = 0.0429243 +/- 0.00476845
	CLb      = 0.504921 +/- 0.0156856
	CLsplusb = 0.0216734 +/- 0.00231164


 -- HybridNew, before fit -- 
Limit: r < 12.3099 +/- 0.655026 [11.155, 13.2751]
Fit to 5 points: 12.0865 +/- 0.153306

 -- Hybrid New -- 
Limit: r < 12.0865 +/- 0.153306 @ 95% CL
Done in 0.01 min (cpu), 0.70 min (real)
