	CLs = 0.0507284 +/- 0.0145885
	CLs = 0.0635246 +/- 0.0119545
	CLs = 0.0710685 +/- 0.0101494
	CLs = 0.0650323 +/- 0.00851323
	CLs = 0.0676915 +/- 0.00768953
	CLs = 0.0674829 +/- 0.00699442
	CLs = 0.0693967 +/- 0.00652423
	CLs = 0.0684137 +/- 0.00615013
	CLs = 0.0709819 +/- 0.00602048
	CLs      = 0.0709819 +/- 0.00602048
	CLb      = 0.486014 +/- 0.014777
	CLsplusb = 0.0344982 +/- 0.00273157


 -- Hybrid New -- 
Limit: r < 5.96704 +/- 0.121736 @ 95% CL
Done in 0.01 min (cpu), 0.24 min (real)
