	CLs = 0.14268 +/- 0.0345892
	CLs = 0.101145 +/- 0.0148174
	CLs      = 0.101145 +/- 0.0148174
	CLb      = 0.528226 +/- 0.0316994
	CLsplusb = 0.0534274 +/- 0.00714008


 -- Hybrid New -- 
Limit: r < 8.98182 +/- 0.397005 @ 95% CL
Done in 0.00 min (cpu), 0.07 min (real)
