	CLs = 0.0356954 +/- 0.0122178
	CLs = 0.0443548 +/- 0.009766
	CLs = 0.0427832 +/- 0.00779657
	CLs = 0.0367276 +/- 0.00628735
	CLs = 0.0392676 +/- 0.00576677
	CLs = 0.0356183 +/- 0.00501797
	CLs = 0.0344072 +/- 0.00455096
	CLs      = 0.0344072 +/- 0.00455096
	CLb      = 0.502252 +/- 0.0167787
	CLsplusb = 0.0172811 +/- 0.00221162


 -- HybridNew, before fit -- 
Limit: r < 4.92861 +/- 2.8787 [4.31253, 5.1358]
Fit to 4 points: 4.79575 +/- 0.0793054

 -- Hybrid New -- 
Limit: r < 4.79575 +/- 0.0793054 @ 95% CL
Done in 0.01 min (cpu), 0.67 min (real)
