	CLs = 0.056101 +/- 0.0144827
	CLs = 0.0532787 +/- 0.0108691
	CLs = 0.0610426 +/- 0.00975579
	CLs = 0.0586968 +/- 0.0078076
	CLs = 0.068514 +/- 0.00795716
	CLs = 0.0704945 +/- 0.00718433
	CLs = 0.0789171 +/- 0.0071189
	CLs      = 0.0789171 +/- 0.0071189
	CLb      = 0.5 +/- 0.0167789
	CLsplusb = 0.0394585 +/- 0.00330399


 -- Hybrid New -- 
Limit: r < 9.49258 +/- 0.224038 @ 95% CL
Done in 0.01 min (cpu), 0.20 min (real)
