	CLs = 0.0537634 +/- 0.0162631
	CLs = 0.0507246 +/- 0.00987768
	CLs = 0.0467941 +/- 0.00817637
	CLs = 0.0502157 +/- 0.00727619
	CLs = 0.0457605 +/- 0.00619913
	CLs = 0.0433406 +/- 0.00554079
	CLs = 0.0443318 +/- 0.00517536
	CLs = 0.0429243 +/- 0.00476845
	CLs      = 0.0429243 +/- 0.00476845
	CLb      = 0.504921 +/- 0.0156856
	CLsplusb = 0.0216734 +/- 0.00231164


 -- HybridNew, before fit -- 
Limit: r < 4.99248 +/- 3.04717 [4.68045, 5.54341]
Fit to 5 points: 4.91316 +/- 0.0553774

 -- Hybrid New -- 
Limit: r < 4.91316 +/- 0.0553774 @ 95% CL
Done in 0.02 min (cpu), 0.92 min (real)
