	CLs = 0.0334988 +/- 0.0114165
	CLs = 0.0362595 +/- 0.00852098
	CLs = 0.0414462 +/- 0.0076667
	CLs = 0.0487327 +/- 0.00736978
	CLs = 0.0490384 +/- 0.00649874
	CLs = 0.0516115 +/- 0.006098
	CLs = 0.0489631 +/- 0.00549671
	CLs = 0.045185 +/- 0.00491575
	CLs      = 0.045185 +/- 0.00491575
	CLb      = 0.501969 +/- 0.0156863
	CLsplusb = 0.0226815 +/- 0.00236357


 -- HybridNew, before fit -- 
Limit: r < 20 +/- 20 [18.75, 22.5]
Fit to 6 points: 19.4362 +/- 0.301039

 -- Hybrid New -- 
Limit: r < 19.4362 +/- 0.301039 @ 95% CL
Done in 0.02 min (cpu), 0.83 min (real)
