	CLs = 0.0362903 +/- 0.0124359
	CLs = 0.0342742 +/- 0.00852372
	CLs = 0.0405382 +/- 0.00762176
	CLs = 0.0413306 +/- 0.00664773
	CLs = 0.0474305 +/- 0.00638434
	CLs = 0.047841 +/- 0.00587319
	CLs = 0.0418621 +/- 0.0050455
	CLs = 0.0416587 +/- 0.00473939
	CLs      = 0.0416587 +/- 0.00473939
	CLb      = 0.496063 +/- 0.0156859
	CLsplusb = 0.0206653 +/- 0.0022584


 -- HybridNew, before fit -- 
Limit: r < 9.06945 +/- 0.485972 [8.01447, 10.4443]
Fit to 5 points: 9.03959 +/- 0.115049

 -- Hybrid New -- 
Limit: r < 9.03959 +/- 0.115049 @ 95% CL
Done in 0.01 min (cpu), 0.48 min (real)
