	CLs = 0.0403226 +/- 0.0433598
	CLs = 0.0365854 +/- 0.0088598
	CLs = 0.0341471 +/- 0.00700421
	CLs = 0.0413306 +/- 0.00664773
	CLs = 0.0511327 +/- 0.00674094
	CLs = 0.0497312 +/- 0.00598704
	CLs = 0.0488003 +/- 0.00554971
	CLs = 0.0495094 +/- 0.00514942
	CLs = 0.0467187 +/- 0.00475992
	CLs      = 0.0467187 +/- 0.00475992
	CLb      = 0.493881 +/- 0.0147817
	CLsplusb = 0.0230735 +/- 0.00224712


 -- HybridNew, before fit -- 
Limit: r < 12.3603 +/- 1 [10, 13.0202]
Fit to 5 points: 11.8393 +/- 0.171735

 -- Hybrid New -- 
Limit: r < 11.8393 +/- 0.171735 @ 95% CL
Done in 0.01 min (cpu), 0.50 min (real)
