	CLs = 0.0818859 +/- 0.0183997
	CLs = 0.07 +/- 0.0124299
	CLs = 0.0449811 +/- 0.00795998
	CLs = 0.0538548 +/- 0.00768819
	CLs = 0.0559207 +/- 0.00694746
	CLs = 0.0479675 +/- 0.00589009
	CLs = 0.046659 +/- 0.00535742
	CLs = 0.0478831 +/- 0.0050807
	CLs = 0.0445105 +/- 0.0046165
	CLs      = 0.0445105 +/- 0.0046165
	CLb      = 0.498252 +/- 0.0147827
	CLsplusb = 0.0221774 +/- 0.00220406


 -- HybridNew, before fit -- 
Limit: r < 11.3937 +/- 1 [10, 12.2952]
Fit to 5 points: 11.3098 +/- 0.184339

 -- Hybrid New -- 
Limit: r < 11.3098 +/- 0.184339 @ 95% CL
Done in 0.02 min (cpu), 0.80 min (real)
