	CLs = 0.0499232 +/- 0.0143347
	CLs = 0.0393701 +/- 0.00904944
	CLs = 0.0412807 +/- 0.00737551
	CLs = 0.0453974 +/- 0.00682332
	CLs = 0.0445577 +/- 0.00608108
	CLs = 0.0479241 +/- 0.00579416
	CLs = 0.0492282 +/- 0.00545801
	CLs = 0.0473241 +/- 0.00501626
	CLs = 0.0455397 +/- 0.00465485
	CLs      = 0.0455397 +/- 0.00465485
	CLb      = 0.501748 +/- 0.0147827
	CLsplusb = 0.0228495 +/- 0.00223644


 -- HybridNew, before fit -- 
Limit: r < 9.83281 +/- 0.500695 [9.61164, 10.974]
Fit to 4 points: 9.87463 +/- 0.207715

 -- Hybrid New -- 
Limit: r < 9.87463 +/- 0.207715 @ 95% CL
Done in 0.01 min (cpu), 0.64 min (real)
