	CLs = 0.062724 +/- 0.0176964
	CLs = 0.0487805 +/- 0.0103199
	CLs = 0.042983 +/- 0.00770417
	CLs = 0.0423387 +/- 0.00682259
	CLs = 0.0450679 +/- 0.00627914
	CLs = 0.0451072 +/- 0.00578538
	CLs = 0.046663 +/- 0.00543249
	CLs = 0.047879 +/- 0.00517133
	CLs = 0.0500152 +/- 0.00486936
	CLs      = 0.0500152 +/- 0.00486936
	CLb      = 0.506119 +/- 0.0147817
	CLsplusb = 0.0253136 +/- 0.00235097


 -- HybridNew, before fit -- 
Limit: r < 20 +/- 20 [17.5, 22.5]
Fit to 6 points: 19.9595 +/- 0.342599

 -- Hybrid New -- 
Limit: r < 19.9595 +/- 0.342599 @ 95% CL
Done in 0.01 min (cpu), 0.70 min (real)
