	CLs = 0.0518433 +/- 0.0156255
	CLs = 0.0458333 +/- 0.0101195
	CLs = 0.0476271 +/- 0.00820538
	CLs = 0.0540069 +/- 0.00763149
	CLs = 0.0495298 +/- 0.00651054
	CLs = 0.0529521 +/- 0.00618227
	CLs = 0.0478847 +/- 0.00536505
	CLs = 0.0489359 +/- 0.00508445
	CLs = 0.0451719 +/- 0.00463932
	CLs      = 0.0451719 +/- 0.00463932
	CLb      = 0.500874 +/- 0.0147828
	CLsplusb = 0.0226254 +/- 0.0022257


 -- HybridNew, before fit -- 
Limit: r < 6.71607 +/- 3.9377 [6.50619, 7.29574]
Fit to 4 points: 6.83534 +/- 0.0614595

 -- Hybrid New -- 
Limit: r < 6.83534 +/- 0.0614595 @ 95% CL
Done in 0.02 min (cpu), 0.71 min (real)
