	CLs = 0.0674246 +/- 0.0171725
	CLs = 0.064 +/- 0.0118373
	CLs = 0.0624928 +/- 0.00963765
	CLs = 0.0532162 +/- 0.00758818
	CLs = 0.0516129 +/- 0.0066906
	CLs = 0.0496007 +/- 0.0059699
	CLs = 0.0475967 +/- 0.00540095
	CLs = 0.0498012 +/- 0.00518252
	CLs = 0.0500044 +/- 0.00489241
	CLs      = 0.0500044 +/- 0.00489241
	CLb      = 0.501748 +/- 0.0147827
	CLsplusb = 0.0250896 +/- 0.00234082


 -- HybridNew, before fit -- 
Limit: r < 13.3734 +/- 1.45718 [12.7141, 15.0301]
Fit to 4 points: 13.7426 +/- 0.220839

 -- Hybrid New -- 
Limit: r < 13.7426 +/- 0.220839 @ 95% CL
Done in 0.02 min (cpu), 0.71 min (real)
