	CLs = 0.0351197 +/- 0.0120072
	CLs = 0.0362903 +/- 0.00878344
	CLs = 0.0383663 +/- 0.00731848
	CLs = 0.0426857 +/- 0.00688293
	CLs = 0.0397151 +/- 0.00590335
	CLs = 0.0412326 +/- 0.00538893
	CLs = 0.040352 +/- 0.00504189
	CLs = 0.0416587 +/- 0.00473939
	CLs      = 0.0416587 +/- 0.00473939
	CLb      = 0.496063 +/- 0.0156859
	CLsplusb = 0.0206653 +/- 0.0022584


 -- HybridNew, before fit -- 
Limit: r < 10.5912 +/- 7.49064 [9.92922, 12.7862]
Fit to 5 points: 10.8841 +/- 0.180312

 -- Hybrid New -- 
Limit: r < 10.8841 +/- 0.180312 @ 95% CL
Done in 0.02 min (cpu), 0.84 min (real)
