	CLs = 0.0322581 +/- 0.0116896
	CLs = 0.0711382 +/- 0.012658
	CLs = 0.0690334 +/- 0.00993
	CLs = 0.065625 +/- 0.00875732
	CLs = 0.0672711 +/- 0.00763602
	CLs = 0.0694031 +/- 0.00717758
	CLs = 0.0705348 +/- 0.00667592
	CLs      = 0.0705348 +/- 0.00667592
	CLb      = 0.502252 +/- 0.0167787
	CLsplusb = 0.0354263 +/- 0.00313719


 -- Hybrid New -- 
Limit: r < 12.4842 +/- 0.540288 @ 95% CL
Done in 0.00 min (cpu), 0.15 min (real)
