	CLs = 0.0549853 +/- 0.0146996
	CLs = 0.0420168 +/- 0.00970607
	CLs = 0.0414243 +/- 0.00780122
	CLs = 0.0345958 +/- 0.00598961
	CLs = 0.0343052 +/- 0.00542729
	CLs = 0.0365809 +/- 0.00516282
	CLs = 0.0348764 +/- 0.00461704
	CLs      = 0.0348764 +/- 0.00461704
	CLb      = 0.495495 +/- 0.0167782
	CLsplusb = 0.0172811 +/- 0.00221162


 -- HybridNew, before fit -- 
Limit: r < 8.19908 +/- 0.490128 [7.87422, 8.42419]
Fit to 3 points: 8.12146 +/- 0.0505995

 -- Hybrid New -- 
Limit: r < 8.12146 +/- 0.0505995 @ 95% CL
Done in 0.01 min (cpu), 0.68 min (real)
