	CLs = 0.0511131 +/- 0.013562
	CLs = 0.0487805 +/- 0.0103199
	CLs = 0.0452179 +/- 0.00800539
	CLs = 0.0481958 +/- 0.00719681
	CLs = 0.0419355 +/- 0.00599103
	CLs = 0.0440985 +/- 0.00555201
	CLs = 0.0438776 +/- 0.00519187
	CLs = 0.0432548 +/- 0.00477759
	CLs      = 0.0432548 +/- 0.00477759
	CLb      = 0.50689 +/- 0.0156849
	CLsplusb = 0.0219254 +/- 0.00232474


 -- HybridNew, before fit -- 
Limit: r < 8.34702 +/- 0.465197 [8.04394, 9.20693]
Fit to 4 points: 8.33745 +/- 0.0684794

 -- Hybrid New -- 
Limit: r < 8.33745 +/- 0.0684794 @ 95% CL
Done in 0.01 min (cpu), 0.61 min (real)
