	CLs = 0.0715584 +/- 0.0162162
	CLs = 0.0672269 +/- 0.0125073
	CLs = 0.063172 +/- 0.00919325
	CLs = 0.0573621 +/- 0.00860973
	CLs = 0.050308 +/- 0.00668248
	CLs = 0.0462493 +/- 0.0057516
	CLs = 0.0465019 +/- 0.00530168
	CLs = 0.0431952 +/- 0.00489545
	CLs      = 0.0431952 +/- 0.00489545
	CLb      = 0.484252 +/- 0.0156786
	CLsplusb = 0.0209173 +/- 0.00227184


 -- HybridNew, before fit -- 
Limit: r < 11.8519 +/- 7.14686 [11.4815, 14.2937]
Fit to 4 points: 12.4608 +/- 0.183924

 -- Hybrid New -- 
Limit: r < 12.4608 +/- 0.183924 @ 95% CL
Done in 0.01 min (cpu), 0.54 min (real)
