	CLs = 0.0205903 +/- 0.0105177
	CLs = 0.0238095 +/- 0.00699163
	CLs      = 0.0238095 +/- 0.00699163
	CLb      = 0.508065 +/- 0.0317459
	CLsplusb = 0.0120968 +/- 0.00347085


 -- Hybrid New -- 
Limit: r < 15.9119 +/- 0.256798 @ 95% CL
Done in 0.01 min (cpu), 0.26 min (real)
