	CLs = 0.0537634 +/- 0.0416714
	CLs = 0.0609756 +/- 0.0116371
	CLs = 0.0489501 +/- 0.00832597
	CLs = 0.047379 +/- 0.00714728
	CLs = 0.04478 +/- 0.00623571
	CLs = 0.0420071 +/- 0.00544995
	CLs = 0.0411768 +/- 0.00503267
	CLs = 0.0412494 +/- 0.0046893
	CLs      = 0.0412494 +/- 0.0046893
	CLb      = 0.500984 +/- 0.0156864
	CLsplusb = 0.0206653 +/- 0.0022584


 -- HybridNew, before fit -- 
Limit: r < 15.9868 +/- 0.95338 [15.2331, 20]
Fit to 5 points: 16.2733 +/- 0.294337

 -- Hybrid New -- 
Limit: r < 16.2733 +/- 0.294337 @ 95% CL
Done in 0.01 min (cpu), 0.62 min (real)
