	CLs = 0.0268817 +/- 0.0103549
	CLs = 0.0515873 +/- 0.0104911
	CLs = 0.0437616 +/- 0.0081299
	CLs = 0.0478913 +/- 0.00731803
	CLs = 0.0492967 +/- 0.00665821
	CLs = 0.0442929 +/- 0.00572103
	CLs = 0.0455069 +/- 0.00528671
	CLs = 0.047789 +/- 0.00506984
	CLs = 0.0454605 +/- 0.00464608
	CLs      = 0.0454605 +/- 0.00464608
	CLb      = 0.502622 +/- 0.0147826
	CLsplusb = 0.0228495 +/- 0.00223644


 -- HybridNew, before fit -- 
Limit: r < 19.9395 +/- 13.1548 [17.4471, 21.5321]
Fit to 6 points: 19.8037 +/- 0.33008

 -- Hybrid New -- 
Limit: r < 19.8037 +/- 0.33008 @ 95% CL
Done in 0.02 min (cpu), 0.87 min (real)
