	CLs = 0.0883257 +/- 0.0195521
	CLs = 0.0846457 +/- 0.0136722
	CLs = 0.0970855 +/- 0.0121377
	CLs      = 0.0970855 +/- 0.0121377
	CLb      = 0.505319 +/- 0.0257841
	CLsplusb = 0.0490591 +/- 0.00559932


 -- Hybrid New -- 
Limit: r < 8.9817 +/- 0.128976 @ 95% CL
Done in 0.01 min (cpu), 0.26 min (real)
