	CLs = 0.0351197 +/- 0.0120072
	CLs = 0.0491803 +/- 0.0104122
	CLs = 0.0456989 +/- 0.00809778
	CLs = 0.0451177 +/- 0.00685907
	CLs = 0.0478338 +/- 0.00650472
	CLs = 0.0460626 +/- 0.00577284
	CLs = 0.0460829 +/- 0.00532215
	CLs = 0.0411686 +/- 0.00467941
	CLs      = 0.0411686 +/- 0.00467941
	CLb      = 0.501969 +/- 0.0156863
	CLsplusb = 0.0206653 +/- 0.0022584


 -- HybridNew, before fit -- 
Limit: r < 8.58872 +/- 0.510703 [8.35879, 9.63555]
Fit to 4 points: 8.69742 +/- 0.0755452

 -- Hybrid New -- 
Limit: r < 8.69742 +/- 0.0755452 @ 95% CL
Done in 0.01 min (cpu), 0.65 min (real)
