	CLs = 0.0390219 +/- 0.0126914
	CLs = 0.0393701 +/- 0.00904944
	CLs = 0.0370433 +/- 0.00718471
	CLs = 0.0408444 +/- 0.00656359
	CLs = 0.0410478 +/- 0.00611648
	CLs = 0.0397989 +/- 0.00528176
	CLs = 0.0408545 +/- 0.00491489
	CLs      = 0.0408545 +/- 0.00491489
	CLb      = 0.51464 +/- 0.0167717
	CLsplusb = 0.0210253 +/- 0.00243482


 -- HybridNew, before fit -- 
Limit: r < 5.91621 +/- 3.66436 [5.17669, 6.26934]
Fit to 5 points: 5.69939 +/- 0.0824623

 -- Hybrid New -- 
Limit: r < 5.69939 +/- 0.0824623 @ 95% CL
Done in 0.02 min (cpu), 0.82 min (real)
