	CLs = 0.0362903 +/- 0.0124359
	CLs = 0.0487805 +/- 0.0103199
	CLs = 0.0364844 +/- 0.00720998
	CLs = 0.0514113 +/- 0.00746579
	CLs = 0.0514501 +/- 0.00666752
	CLs = 0.0449087 +/- 0.00566246
	CLs = 0.0420507 +/- 0.00506998
	CLs = 0.0424222 +/- 0.0047696
	CLs      = 0.0424222 +/- 0.0047696
	CLb      = 0.499016 +/- 0.0156864
	CLsplusb = 0.0211694 +/- 0.00228519


 -- HybridNew, before fit -- 
Limit: r < 12.5634 +/- 10 [11.7782, 14.4225]
Fit to 5 points: 12.744 +/- 0.143302

 -- Hybrid New -- 
Limit: r < 12.744 +/- 0.143302 @ 95% CL
Done in 0.01 min (cpu), 0.64 min (real)
