	CLs = 0.0423387 +/- 0.0168031
	CLs = 0.0413386 +/- 0.00928534
	CLs = 0.0345784 +/- 0.00694957
	CLs = 0.0348672 +/- 0.00603966
	CLs = 0.0366331 +/- 0.005541
	CLs = 0.0364823 +/- 0.0224685
	CLs = 0.0416878 +/- 0.00498549
	CLs      = 0.0416878 +/- 0.00498549
	CLb      = 0.511261 +/- 0.0167746
	CLsplusb = 0.0213134 +/- 0.00245108

Fit to 12 points: 5021.68 +/- 14526.8

 -- Hybrid New -- 
Limit: r < 5 +/- 0.625 @ 95% CL
Done in 0.03 min (cpu), 1.86 min (real)
