	CLs = 0.0793231 +/- 0.0187786
	CLs = 0.088 +/- 0.0141039
	CLs = 0.0922512 +/- 0.0118327
	CLs      = 0.0922512 +/- 0.0118327
	CLb      = 0.50266 +/- 0.0257852
	CLsplusb = 0.046371 +/- 0.00545144


 -- Hybrid New -- 
Limit: r < 9.52766 +/- 0.237678 @ 95% CL
Done in 0.00 min (cpu), 0.12 min (real)
