	CLs = 0.0422427 +/- 0.0131179
	CLs = 0.0413223 +/- 0.00953321
	CLs = 0.0454571 +/- 0.00805132
	CLs = 0.0380534 +/- 0.006434
	CLs = 0.0392676 +/- 0.00576677
	CLs = 0.0372565 +/- 0.00516006
	CLs = 0.0411245 +/- 0.00494984
	CLs      = 0.0411245 +/- 0.00494984
	CLb      = 0.511261 +/- 0.0167746
	CLsplusb = 0.0210253 +/- 0.00243482


 -- HybridNew, before fit -- 
Limit: r < 10 +/- 10 [8.75, 11.25]
Fit to 5 points: 9.81041 +/- 0.134263

 -- Hybrid New -- 
Limit: r < 9.81041 +/- 0.134263 @ 95% CL
Done in 0.01 min (cpu), 0.51 min (real)
