	CLs = 0.0725806 +/- 0.0180539
	CLs = 0.0518868 +/- 0.0115846
	CLs = 0.051596 +/- 0.00856323
	CLs = 0.055007 +/- 0.007707
	CLs = 0.0615128 +/- 0.00731364
	CLs = 0.0619911 +/- 0.00674999
	CLs = 0.0698578 +/- 0.00666681
	CLs = 0.0695565 +/- 0.006213
	CLs      = 0.0695565 +/- 0.006213
	CLb      = 0.5 +/- 0.0156864
	CLsplusb = 0.0347782 +/- 0.00290858


 -- Hybrid New -- 
Limit: r < 11.4499 +/- 0.345117 @ 95% CL
Done in 0.01 min (cpu), 0.17 min (real)
