	CLs = 0.0382003 +/- 0.0131392
	CLs = 0.029661 +/- 0.00811557
	CLs = 0.0327316 +/- 0.00669598
	CLs = 0.0401632 +/- 0.0065337
	CLs = 0.0424731 +/- 0.00601067
	CLs = 0.0459407 +/- 0.00575628
	CLs = 0.0447581 +/- 0.00526656
	CLs = 0.042 +/- 0.00474957
	CLs      = 0.042 +/- 0.00474957
	CLb      = 0.498031 +/- 0.0156863
	CLsplusb = 0.0209173 +/- 0.00227184


 -- HybridNew, before fit -- 
Limit: r < 7.67351 +/- 5 [7.19392, 8.83676]
Fit to 5 points: 7.62708 +/- 0.143

 -- Hybrid New -- 
Limit: r < 7.62708 +/- 0.143 @ 95% CL
Done in 0.02 min (cpu), 0.92 min (real)
