	CLs = 0.0546306 +/- 0.0151798
	CLs = 0.0447761 +/- 0.00940182
	CLs = 0.0442856 +/- 0.00782675
	CLs = 0.0461877 +/- 0.00703564
	CLs = 0.0433936 +/- 0.00602723
	CLs = 0.0461282 +/- 0.00573527
	CLs = 0.0484963 +/- 0.00547557
	CLs = 0.0418347 +/- 0.00472943
	CLs      = 0.0418347 +/- 0.00472943
	CLb      = 0.5 +/- 0.0156864
	CLsplusb = 0.0209173 +/- 0.00227184


 -- HybridNew, before fit -- 
Limit: r < 16.0339 +/- 0.968482 [15.1576, 20]
Fit to 5 points: 16.5083 +/- 0.298561

 -- Hybrid New -- 
Limit: r < 16.5083 +/- 0.298561 @ 95% CL
Done in 0.01 min (cpu), 0.58 min (real)
