	CLs = 0.11129 +/- 0.0256521
	CLs = 0.098 +/- 0.0149808
	CLs      = 0.098 +/- 0.0149808
	CLb      = 0.504032 +/- 0.031749
	CLsplusb = 0.0493952 +/- 0.00687997


 -- Hybrid New -- 
Limit: r < 12.9289 +/- 0.371778 @ 95% CL
Done in 0.00 min (cpu), 0.12 min (real)
