	CLs = 0.0533681 +/- 0.0142227
	CLs = 0.0557851 +/- 0.0111934
	CLs = 0.0497312 +/- 0.00847104
	CLs = 0.0494226 +/- 0.00723039
	CLs = 0.0470721 +/- 0.00639221
	CLs = 0.0417766 +/- 0.00546551
	CLs = 0.0409217 +/- 0.00496098
	CLs      = 0.0409217 +/- 0.00496098
	CLb      = 0.506757 +/- 0.0167774
	CLsplusb = 0.0207373 +/- 0.00241844


 -- HybridNew, before fit -- 
Limit: r < 14.8404 +/- 1.55467 [14.187, 20]
Fit to 5 points: 15.1329 +/- 0.257635

 -- Hybrid New -- 
Limit: r < 15.1329 +/- 0.257635 @ 95% CL
Done in 0.01 min (cpu), 0.50 min (real)
