	CLs = 0.0451066 +/- 0.0140852
	CLs = 0.0397196 +/- 0.00997975
	CLs = 0.0325096 +/- 0.00712033
	CLs = 0.038155 +/- 0.00635945
	CLs = 0.0398949 +/- 0.00586571
	CLs = 0.0375356 +/- 0.00515073
	CLs = 0.0392589 +/- 0.00489543
	CLs      = 0.0392589 +/- 0.00489543
	CLb      = 0.498874 +/- 0.0167789
	CLsplusb = 0.0195853 +/- 0.00235169


 -- HybridNew, before fit -- 
Limit: r < 10 +/- 10 [8.75, 10.3125]
Fit to 4 points: 9.73217 +/- 0.101719

 -- Hybrid New -- 
Limit: r < 9.73217 +/- 0.101719 @ 95% CL
Done in 0.01 min (cpu), 0.64 min (real)
