	CLs = 0.047523 +/- 0.0149087
	CLs = 0.0416667 +/- 0.00961887
	CLs = 0.0401092 +/- 0.00753506
	CLs = 0.0364349 +/- 0.00623385
	CLs = 0.0453047 +/- 0.00625241
	CLs = 0.0447911 +/- 0.00564641
	CLs = 0.0433983 +/- 0.00516815
	CLs = 0.0460087 +/- 0.00495239
	CLs      = 0.0460087 +/- 0.00495239
	CLb      = 0.503937 +/- 0.0156859
	CLsplusb = 0.0231855 +/- 0.00238907


 -- HybridNew, before fit -- 
Limit: r < 6.69083 +/- 6.19361 [6.27265, 8.11493]
Fit to 5 points: 6.89855 +/- 0.160126

 -- Hybrid New -- 
Limit: r < 6.89855 +/- 0.160126 @ 95% CL
Done in 0.02 min (cpu), 0.78 min (real)
