	CLs = 0.0414747 +/- 0.0122522
	CLs = 0.0374016 +/- 0.00880847
	CLs = 0.042983 +/- 0.00770417
	CLs = 0.0389243 +/- 0.00649696
	CLs = 0.0407422 +/- 0.00586987
	CLs = 0.0375166 +/- 0.00509859
	CLs = 0.0396484 +/- 0.00483219
	CLs      = 0.0396484 +/- 0.00483219
	CLb      = 0.515766 +/- 0.0167706
	CLsplusb = 0.0204493 +/- 0.00240194


 -- Hybrid New -- 
Limit: r < 17.2075 +/- 0.257882 @ 95% CL
Done in 0.01 min (cpu), 0.31 min (real)
