	CLs = 0.0549853 +/- 0.0146996
	CLs = 0.052521 +/- 0.0109369
	CLs = 0.0562984 +/- 0.00892033
	CLs = 0.0531695 +/- 0.00750168
	CLs = 0.0523536 +/- 0.00656855
	CLs = 0.0451054 +/- 0.00564295
	CLs = 0.0401418 +/- 0.00493494
	CLs      = 0.0401418 +/- 0.00493494
	CLb      = 0.502252 +/- 0.0167787
	CLsplusb = 0.0201613 +/- 0.00238532


 -- HybridNew, before fit -- 
Limit: r < 17.9771 +/- 10.8346 [15.73, 21.6691]
Fit to 6 points: 18.0179 +/- 0.313338

 -- Hybrid New -- 
Limit: r < 18.0179 +/- 0.313338 @ 95% CL
Done in 0.01 min (cpu), 0.65 min (real)
