	CLs = 0.0625695 +/- 0.0169699
	CLs = 0.0488722 +/- 0.00988862
	CLs = 0.0488624 +/- 0.00857039
	CLs = 0.0460902 +/- 0.00728562
	CLs = 0.0480828 +/- 0.00641969
	CLs = 0.0479675 +/- 0.00589009
	CLs = 0.0456096 +/- 0.00529964
	CLs = 0.0515127 +/- 0.00528854
	CLs = 0.0476062 +/- 0.00475675
	CLs      = 0.0476062 +/- 0.00475675
	CLb      = 0.503497 +/- 0.0147824
	CLsplusb = 0.0239695 +/- 0.00228928


 -- HybridNew, before fit -- 
Limit: r < 13.4046 +/- 1 [12.5534, 15]
Fit to 5 points: 13.5458 +/- 0.164039

 -- Hybrid New -- 
Limit: r < 13.5458 +/- 0.164039 @ 95% CL
Done in 0.01 min (cpu), 0.64 min (real)
