	CLs = 0.0312175 +/- 0.0112893
	CLs = 0.0299145 +/- 0.00818889
	CLs = 0.0347613 +/- 0.00698875
	CLs = 0.0325161 +/- 0.00588549
	CLs = 0.0301678 +/- 0.00499781
	CLs      = 0.0301678 +/- 0.00499781
	CLb      = 0.507911 +/- 0.0198864
	CLsplusb = 0.0153226 +/- 0.00246653

Fit to 12 points: 3818.24 +/- 14999.1

 -- Hybrid New -- 
Limit: r < 5.56202 +/- 0.484496 @ 95% CL
Done in 0.04 min (cpu), 2.21 min (real)
