	CLs = 0.0382003 +/- 0.0131392
	CLs = 0.0483871 +/- 0.0102291
	CLs = 0.0430108 +/- 0.00784136
	CLs = 0.0455436 +/- 0.00701403
	CLs = 0.0365241 +/- 0.00565819
	CLs = 0.0397552 +/- 0.0053242
	CLs = 0.040232 +/- 0.00494686
	CLs      = 0.040232 +/- 0.00494686
	CLb      = 0.501126 +/- 0.0167789
	CLsplusb = 0.0201613 +/- 0.00238532


 -- HybridNew, before fit -- 
Limit: r < 11.9438 +/- 10 [11.5705, 12.9508]
Fit to 4 points: 11.9257 +/- 0.0992242

 -- Hybrid New -- 
Limit: r < 11.9257 +/- 0.0992242 @ 95% CL
Done in 0.02 min (cpu), 0.73 min (real)
