	CLs = 0.0397208 +/- 0.012274
	CLs = 0.0392562 +/- 0.00927774
	CLs = 0.0449223 +/- 0.00821894
	CLs = 0.0477581 +/- 0.00720948
	CLs = 0.0452517 +/- 0.00618372
	CLs = 0.0422276 +/- 0.00548079
	CLs = 0.0443318 +/- 0.00517536
	CLs = 0.0426747 +/- 0.00480022
	CLs      = 0.0426747 +/- 0.00480022
	CLb      = 0.496063 +/- 0.0156859
	CLsplusb = 0.0211694 +/- 0.00228519


 -- HybridNew, before fit -- 
Limit: r < 15.2192 +/- 10 [13.3168, 20]
Fit to 6 points: 15.6385 +/- 0.336738

 -- Hybrid New -- 
Limit: r < 15.6385 +/- 0.336738 @ 95% CL
Done in 0.01 min (cpu), 0.58 min (real)
