	CLs = 0.0625695 +/- 0.0169699
	CLs = 0.0562016 +/- 0.0108389
	CLs = 0.0587053 +/- 0.00899131
	CLs = 0.0582555 +/- 0.00774266
	CLs = 0.0589267 +/- 0.00697342
	CLs = 0.0537634 +/- 0.00624206
	CLs = 0.0473416 +/- 0.00540573
	CLs = 0.0441809 +/- 0.00485752
	CLs      = 0.0441809 +/- 0.00485752
	CLb      = 0.501969 +/- 0.0156863
	CLsplusb = 0.0221774 +/- 0.00233776


 -- HybridNew, before fit -- 
Limit: r < 6.75443 +/- 3.79856 [5.91012, 7.17578]
Fit to 5 points: 6.58022 +/- 0.0821196

 -- Hybrid New -- 
Limit: r < 6.58022 +/- 0.0821196 @ 95% CL
Done in 0.02 min (cpu), 0.94 min (real)
