	CLs = 0.0680444 +/- 0.0167824
	CLs = 0.0530303 +/- 0.0103714
	CLs = 0.0502862 +/- 0.00820814
	CLs = 0.0492311 +/- 0.00719983
	CLs = 0.0442149 +/- 0.00615063
	CLs = 0.0438928 +/- 0.00557004
	CLs = 0.0417448 +/- 0.00510742
	CLs = 0.0439929 +/- 0.00480514
	CLs      = 0.0439929 +/- 0.00480514
	CLb      = 0.509843 +/- 0.0156834
	CLsplusb = 0.0224294 +/- 0.0023507

Fit to 12 points: 2628.25 +/- 9708.77

 -- Hybrid New -- 
Limit: r < 7.28867 +/- 0.677831 @ 95% CL
Done in 0.03 min (cpu), 1.96 min (real)
